posX0;posY0;posZ0;posX1;posY1;posZ1;posX2;posY2;posZ2;posX3;posY3;posZ3;posX4;posY4;posZ4;posX5;posY5;posZ5;posX6;posY6;posZ6;posX7;posY7;posZ7;posX8;posY8;posZ8;posX9;posY9;posZ9;posX10;posY10;posZ10;posX11;posY11;posZ11;posX12;posY12;posZ12;posX13;posY13;posZ13;posX14;posY14;posZ14;posX15;posY15;posZ15;posX16;posY16;posZ16;posX17;posY17;posZ17;posX18;posY18;posZ18;posX19;posY19;posZ19;posX20;posY20;posZ20;posX21;posY21;posZ21;posX22;posY22;posZ22;posX23;posY23;posZ23;posX24;posY24;posZ24;posX25;posY25;posZ25;posX26;posY26;posZ26;posX27;posY27;posZ27;posX28;posY28;posZ28;posX29;posY29;posZ29;posX30;posY30;posZ30;posX31;posY31;posZ31
0.000000;-150.000000;2000.000000;32.082291;-280.180817;2118.635254;55.728664;-389.225525;2208.270020;85.306969;-538.572876;2364.103027;113.576393;-514.754333;2331.657227;232.318130;-504.808899;2251.785645;199.049973;-313.136963;2054.167725;94.633530;-464.751282;2196.576172;2.236721;-446.004517;2217.751465;-1.036400;-420.769043;2112.349121;-36.915474;-453.195313;2205.860107;47.758873;-511.511047;2346.420898;-76.646576;-494.663849;2305.737793;-163.100769;-323.084717;2098.563477;48.405914;-411.007843;2154.100830;150.088867;-420.161194;2174.136719;134.752106;-363.785919;2084.996826;155.617126;-435.317230;2158.397461;86.734917;-154.815887;1971.259888;105.593033;13.372955;1606.920654;309.565491;311.498444;1736.989014;408.942444;444.628265;1649.003174;-78.212692;-145.657288;2025.916260;-261.675781;-59.951859;1679.455688;-286.002930;316.151398;1771.507324;-325.407043;445.759125;1663.966553;93.806465;-603.783325;2413.038574;56.010990;-647.993408;2262.645508;87.441910;-683.574097;2292.659668;169.885391;-672.228882;2388.875977;35.915512;-677.426392;2300.398926;8.308678;-664.519714;2428.295410
0.000000;-150.000000;2000.000000;32.036514;-279.950256;2119.222168;55.405273;-389.546753;2208.529297;84.022682;-535.122681;2368.422363;112.543709;-512.034729;2335.581543;231.880539;-505.936737;2255.902832;197.914413;-316.608490;2055.695801;91.109245;-465.539490;2199.611328;-1.173393;-445.321320;2220.455566;-3.292210;-421.226746;2114.624023;-41.124851;-452.608856;2203.097168;46.527866;-508.540527;2349.760254;-77.452057;-493.548798;2306.614746;-168.228302;-323.398529;2099.649902;43.045818;-411.779541;2156.525879;145.742096;-419.865875;2171.973633;132.396667;-363.354675;2082.447754;152.275253;-432.955566;2157.695801;87.027199;-154.469406;1971.743164;106.714874;5.315430;1603.160034;303.772003;307.439209;1735.989502;403.820160;442.777039;1651.731689;-78.476242;-145.969742;2025.480591;-261.064087;-55.981232;1679.087646;-287.548889;320.106262;1772.552368;-330.933197;448.213074;1664.414307;92.248459;-599.166504;2419.079102;55.440140;-641.217590;2267.618652;85.895996;-677.706482;2297.673340;167.458282;-668.817261;2395.092773;34.337341;-670.695068;2304.869873;5.388313;-658.563477;2432.707275
0.000000;-150.000015;2000.000000;30.774061;-279.797150;2119.338623;52.832962;-390.067688;2207.818848;81.070831;-537.614258;2365.535645;109.629807;-514.066833;2333.162354;230.220520;-506.100830;2255.941895;195.274536;-318.384766;2054.933594;97.278023;-470.488861;2201.242188;27.894676;-456.360474;2266.962158;-0.714069;-418.013153;2169.685059;-32.279037;-461.431702;2208.928223;43.656250;-510.860718;2347.146973;-80.296532;-494.644714;2304.951172;-169.786499;-322.927521;2099.273438;45.503548;-405.334595;2148.099121;145.522263;-420.544891;2172.277832;131.619720;-361.826294;2084.454346;151.646912;-434.718842;2157.692871;87.097191;-154.701614;1972.426392;111.963120;9.152283;1606.576172;303.417023;312.172668;1743.902100;403.168793;446.134521;1657.713135;-78.539375;-145.760376;2024.864380;-259.163055;-58.039154;1677.523315;-287.964417;317.240540;1771.257446;-331.529449;448.794678;1667.827148;89.201530;-602.256226;2415.250488;55.266567;-649.656067;2264.947510;86.724640;-684.131348;2296.174805;166.973175;-669.651367;2393.777832;34.960732;-678.817383;2302.782715;4.558006;-664.297363;2429.838867
0.000000;-149.999985;2000.000000;29.112938;-280.035614;2119.343750;50.200001;-390.031860;2208.270264;75.987526;-541.460449;2362.518799;105.068893;-516.884644;2331.443359;227.492645;-505.653625;2257.744141;194.770691;-316.570679;2057.862305;96.707169;-472.267487;2200.080078;15.465790;-445.108215;2244.626953;-4.159653;-402.915649;2146.784180;-29.952766;-462.598083;2203.349121;38.818916;-514.486938;2344.028320;-84.331657;-497.554626;2300.036621;-162.267029;-317.954620;2096.620605;45.241085;-412.558899;2155.376221;146.245422;-421.135925;2178.441895;130.676102;-363.660522;2090.149902;152.173767;-436.436432;2160.860596;87.620674;-154.051331;1974.211304;119.757545;7.665894;1608.226440;303.830566;314.031250;1747.599609;402.131775;447.348938;1659.010620;-79.011406;-146.346695;2023.254761;-257.690735;-59.567093;1674.935181;-289.959961;314.299072;1772.212891;-332.921692;445.788391;1668.611572;83.476028;-607.314026;2410.642090;55.683880;-655.520386;2259.435059;84.876534;-690.298828;2292.419678;160.678482;-676.492432;2393.518555;33.012745;-683.844177;2296.515381;-3.013462;-667.391785;2421.775879
0.000000;-149.999985;2000.000000;26.366505;-277.685486;2123.979004;45.216763;-387.382385;2215.080078;70.354012;-539.392273;2370.633301;99.814148;-514.413940;2339.787598;220.114563;-503.645203;2261.082031;191.994751;-315.526306;2057.406738;93.156174;-470.189575;2202.386230;22.011177;-449.571960;2265.181641;-4.840080;-404.426666;2169.708496;-33.986084;-459.142670;2207.697754;32.989822;-512.616089;2351.495605;-89.878899;-498.738495;2303.541016;-174.728180;-317.517548;2102.074219;43.815102;-401.535095;2137.887939;138.254929;-421.090942;2178.274170;128.133698;-361.701111;2089.714844;149.859772;-432.693848;2161.710449;89.231552;-152.946396;1977.988770;123.803635;7.813812;1609.270630;304.645020;316.615601;1753.513672;406.458496;443.727966;1657.759277;-80.464012;-147.343079;2019.848633;-259.072449;-62.241058;1668.425415;-292.650513;312.226257;1771.689697;-334.001648;446.771790;1669.703735;77.809784;-605.538818;2419.164063;47.359425;-647.048462;2265.509766;79.485069;-682.226379;2295.785156;158.212219;-669.996399;2395.768555;27.226439;-678.655640;2301.812988;-5.661087;-670.869751;2429.547363
0.000000;-150.000000;2000.000000;25.062683;-279.866241;2121.122070;43.176979;-390.318939;2210.725586;67.649155;-541.413452;2366.298340;97.161011;-516.388123;2335.793457;219.196167;-504.353149;2260.871582;201.421616;-317.005676;2056.531738;94.218246;-468.206421;2197.978516;14.821297;-435.216492;2242.450928;-7.906357;-389.063660;2146.784180;-28.946999;-461.048157;2201.152832;30.428535;-514.986694;2346.810059;-91.866791;-501.677551;2298.395508;-175.554764;-318.631714;2099.378418;50.597862;-386.463715;2098.941406;119.283028;-421.187683;2169.223145;119.238861;-360.074860;2081.674805;135.121918;-433.012329;2158.924805;89.118713;-152.643219;1978.725464;131.470505;14.430664;1615.064209;313.844666;323.227814;1754.011963;410.516937;447.479706;1650.659668;-80.362274;-147.616486;2019.184204;-255.531982;-64.110855;1667.117798;-294.192688;309.218414;1768.022461;-334.445221;444.498505;1667.520508;75.013588;-607.216919;2414.865234;47.366642;-645.718872;2260.442871;78.636612;-681.482483;2290.593262;155.267487;-671.472168;2391.924316;26.457945;-677.753052;2295.679443;-8.696373;-672.069702;2422.483398
0.000000;-150.000000;2000.000000;24.956514;-277.773590;2122.388672;42.763878;-387.286499;2212.364258;64.349129;-541.316772;2364.319580;94.244255;-516.101563;2334.647461;216.255707;-505.436188;2260.495117;199.689606;-316.859619;2058.584961;91.251358;-468.609833;2197.060059;10.695255;-436.862854;2239.534668;-5.673832;-392.149475;2142.349609;-31.899498;-461.890045;2200.626465;27.706104;-514.149841;2345.222168;-93.732712;-496.508118;2297.364746;-172.125168;-317.713165;2093.855225;47.747765;-398.630859;2114.959961;121.610779;-424.735046;2183.121582;115.848587;-369.561554;2092.355469;133.137543;-443.021179;2165.626953;88.750137;-153.075241;1978.692139;140.345398;11.255188;1616.612793;317.182251;323.870087;1750.169678;413.953979;447.337128;1647.230103;-80.029907;-147.226913;2019.214111;-251.853134;-63.316589;1667.279541;-294.698364;308.778900;1765.522461;-332.638367;446.941559;1669.226685;70.596481;-607.959595;2411.364990;41.894394;-656.763550;2260.713623;72.740959;-690.570435;2293.090332;149.656616;-674.440186;2392.814941;20.827068;-685.849365;2298.067383;-13.561920;-670.816589;2423.811035
0.000000;-150.000015;2000.000000;22.094406;-279.440369;2119.172363;38.773895;-386.974670;2210.031738;57.329037;-539.056519;2361.997070;87.560318;-514.103149;2333.067871;210.183228;-503.974182;2262.003418;204.944107;-317.119598;2060.750488;94.339607;-467.778992;2195.712402;12.514217;-437.126312;2234.771484;-7.406036;-391.259460;2139.721680;-28.640419;-460.722107;2201.330566;21.314194;-512.275024;2342.143555;-98.497681;-495.679626;2292.582520;-178.061508;-318.952759;2090.682129;38.348778;-396.395203;2131.543213;123.706276;-428.755371;2179.366211;117.168259;-367.029572;2093.973877;131.603287;-443.310455;2165.609131;88.756546;-151.662338;1981.739136;143.949966;7.801239;1621.375488;314.977783;321.962036;1750.483276;411.713257;447.454712;1652.672974;-80.035690;-148.501038;2016.466553;-242.539902;-61.543533;1664.291870;-293.957764;305.661316;1765.246094;-337.286133;441.725952;1670.590820;62.685108;-604.953003;2409.128174;40.405792;-648.745850;2257.155762;70.239639;-682.976563;2289.301270;142.629150;-669.351074;2391.533691;18.515133;-679.067078;2292.453369;-20.414047;-668.690918;2416.293945
0.000000;-150.000000;2000.000000;20.781269;-277.978149;2119.675049;36.520874;-384.045197;2211.323730;56.626118;-537.925781;2359.716064;86.401047;-512.533752;2331.104736;209.531631;-503.954346;2262.157715;202.047379;-317.009094;2062.933594;94.315140;-468.155457;2197.716797;9.705307;-444.042297;2234.175781;-8.086681;-390.427246;2143.460449;-29.879169;-461.326355;2199.986816;20.563049;-511.020081;2340.740479;-101.169250;-497.665344;2296.927002;-174.814865;-319.555298;2095.927246;28.335705;-411.957153;2160.349854;127.155106;-430.188110;2180.767822;117.183868;-367.198059;2097.301025;132.850449;-442.959534;2167.691406;88.460976;-151.920044;1982.585571;153.627502;6.789917;1625.756226;321.334106;322.835083;1748.916748;413.689056;450.596985;1651.572998;-79.769150;-148.268616;2015.703125;-241.974731;-62.860153;1665.245972;-288.319733;302.932983;1766.510010;-334.876984;440.145813;1676.711060;62.504101;-604.284790;2405.418701;41.211567;-655.987549;2256.658203;69.939064;-688.679321;2290.868164;141.087128;-670.601624;2392.508545;18.518307;-683.739014;2293.169922;-21.364590;-665.776733;2415.144043
0.000000;-149.999985;2000.000000;18.950769;-280.515289;2119.788574;33.563126;-387.383575;2212.810547;53.113251;-544.133301;2361.318848;83.357208;-517.930664;2333.128418;204.859100;-506.111389;2259.116211;194.809586;-312.406158;2062.810059;82.303970;-469.063568;2191.068359;-2.472107;-445.540619;2229.888184;-13.496723;-390.488556;2137.736328;-42.865185;-462.095215;2199.034180;16.734074;-517.088196;2341.917969;-103.130630;-502.503174;2290.264648;-173.827545;-320.013977;2088.355469;30.653883;-413.337555;2155.394287;129.033325;-430.877014;2182.495605;113.910873;-367.985168;2098.435547;134.894547;-445.225708;2165.124512;89.622925;-151.687988;1983.982422;154.714752;2.269196;1620.807861;324.314972;321.151428;1745.446899;415.922821;447.949951;1642.824707;-80.816940;-148.477844;2014.443970;-235.912537;-61.806549;1656.777954;-292.444183;304.305725;1765.583252;-339.095398;441.575684;1672.798584;58.988449;-611.561951;2406.855469;27.314678;-656.419556;2256.071533;58.478378;-691.057739;2286.949219;137.092514;-677.782471;2385.291992;6.843327;-686.208252;2292.991699;-25.027164;-674.090149;2419.314941
0.000000;-150.000000;2000.000000;18.273806;-279.949280;2119.352539;32.431019;-386.353485;2212.024902;47.860508;-540.950256;2361.888672;78.703354;-515.398804;2334.123291;200.853043;-503.965820;2262.351563;194.192139;-312.549438;2065.349121;78.651505;-467.481567;2191.157227;-4.657173;-443.671631;2231.892822;-14.045567;-390.363953;2139.087646;-45.204838;-462.017700;2201.174316;12.225910;-513.958374;2341.598633;-106.096069;-498.067932;2288.257813;-168.698776;-314.279846;2086.562500;40.488346;-403.743103;2139.224854;127.746841;-430.180450;2187.330078;113.117264;-369.744232;2101.975586;135.664474;-445.535156;2171.963867;89.529282;-150.515320;1985.731201;163.815659;2.684235;1625.936035;324.364960;324.501770;1749.907593;414.592255;446.472412;1641.842651;-80.732498;-149.535309;2012.866699;-229.447144;-55.002441;1656.429077;-293.409729;307.434204;1767.427490;-339.892822;441.285645;1671.027222;52.321487;-607.631531;2408.044922;37.772465;-647.998962;2254.144043;63.408581;-684.346497;2287.592773;129.494980;-676.326904;2394.626465;11.878254;-677.489868;2287.401367;-34.588924;-666.562439;2408.612549
0.000000;-150.000000;2000.000000;16.943422;-279.097351;2120.276367;30.364532;-383.201660;2215.477051;43.107288;-541.503052;2361.447510;74.413116;-515.338318;2334.858887;197.369995;-503.788361;2264.708984;193.141159;-312.621674;2067.677734;76.322372;-467.429443;2192.141846;-7.537636;-444.324677;2231.977051;-16.164124;-390.671021;2139.388672;-47.841534;-462.020721;2198.382813;7.876621;-513.940063;2341.307617;-109.378799;-497.415588;2286.072754;-167.414688;-314.176392;2082.803467;39.747120;-403.406067;2142.622559;126.696915;-431.145813;2190.390625;111.348450;-369.804871;2105.907471;134.449997;-446.273651;2175.327393;89.776039;-149.526443;1987.861450;165.733521;2.824615;1628.377686;322.225708;325.212463;1755.167358;412.564270;447.249634;1647.506348;-80.955002;-150.427017;2010.945923;-227.926544;-54.595047;1654.457397;-296.147827;307.467773;1763.140259;-342.092560;443.876831;1670.358276;46.705589;-609.304382;2405.911621;35.264484;-653.488892;2252.921387;62.611565;-687.682495;2287.207764;127.495590;-673.932190;2394.285400;10.826031;-683.633972;2286.631836;-36.834377;-672.783691;2407.283203
0.000000;-150.000000;2000.000000;14.015600;-280.111694;2118.737793;24.976725;-386.960938;2210.493652;38.579659;-539.952881;2360.986328;69.669724;-513.977417;2334.237305;193.373795;-501.283630;2266.535645;188.618851;-312.549957;2068.364258;75.204178;-467.640930;2194.288574;-7.139683;-442.904724;2235.566406;-17.467087;-392.634094;2141.650391;-47.982346;-462.813141;2198.837646;3.220825;-513.908447;2339.468994;-114.463196;-499.272034;2285.591309;-160.809433;-317.480896;2079.241211;42.290020;-406.273010;2149.839355;132.217484;-433.319061;2191.397461;110.297905;-370.668823;2109.783203;139.339340;-447.548737;2176.925781;89.884995;-148.140457;1991.427856;176.912994;0.205963;1634.154419;326.488892;326.424561;1755.846680;411.578888;450.109863;1646.800171;-81.053238;-151.676819;2007.729980;-222.040375;-50.825394;1651.586670;-298.160278;307.244080;1763.968750;-343.499634;443.002930;1670.918701;42.877411;-606.068298;2407.422852;25.634563;-648.452637;2254.986328;54.568741;-682.678833;2287.617188;123.436852;-669.608459;2391.791504;2.930798;-679.114502;2289.196533;-39.718399;-670.129333;2411.429199
0.000000;-150.000000;2000.000000;12.118917;-279.598846;2120.906250;21.543097;-386.712341;2213.692383;32.004517;-542.384277;2363.342773;63.823647;-516.057251;2337.329590;185.526978;-498.822510;2265.531738;185.671814;-305.317688;2069.881836;74.515228;-466.084106;2192.929443;-11.140747;-442.460968;2228.976563;-19.647507;-390.628479;2135.068848;-50.369743;-460.765869;2195.824463;-3.065548;-515.816589;2341.396973;-119.397049;-499.940857;2283.392090;-159.917984;-314.145538;2077.349609;33.755951;-414.663330;2161.539795;130.322876;-431.984467;2193.697266;108.195847;-369.954071;2110.942139;137.461609;-445.386292;2179.452148;90.475746;-148.536377;1992.500122;179.846603;2.144775;1634.409180;329.402222;330.843048;1755.819214;410.991516;452.355988;1640.152588;-81.585960;-151.319839;2006.763062;-219.951706;-41.749619;1649.791870;-302.870178;316.865387;1762.661987;-344.698181;451.205536;1664.366333;35.270786;-609.427185;2409.291260;38.778530;-642.713013;2252.818848;62.945633;-679.377441;2287.144043;117.321045;-673.343262;2400.910889;11.317440;-675.204651;2281.878418;-47.872543;-672.850220;2398.124756
0.000000;-149.999985;2000.000000;9.064877;-277.735168;2123.541016;16.001944;-384.979980;2216.737305;25.224777;-539.559753;2368.085938;57.311401;-513.012939;2342.482422;180.429306;-495.739319;2272.687988;182.210617;-304.765991;2073.970703;70.109665;-465.354492;2197.079102;-13.830864;-442.955658;2238.015137;-23.057140;-389.544220;2144.868164;-54.693935;-460.254517;2199.233887;-9.751907;-513.556152;2345.162842;-125.623306;-498.299286;2285.623779;-156.107666;-311.831970;2077.862793;25.834179;-424.553894;2173.074707;125.683990;-430.806488;2199.226563;104.345871;-374.109863;2112.328125;133.283127;-444.059601;2185.987793;90.751900;-149.176743;1994.192261;186.127594;-5.958038;1633.893311;321.975250;324.931702;1766.807251;402.324219;451.312134;1655.079834;-81.834976;-150.742340;2005.237183;-218.789978;-41.463074;1646.932983;-298.804321;316.151489;1766.924316;-347.912079;449.081787;1669.610596;28.342541;-606.294983;2414.714844;22.893667;-643.131165;2258.835938;51.384712;-677.678467;2292.169189;113.139587;-666.018738;2401.881592;-0.716560;-676.390869;2290.442871;-51.892300;-674.419373;2410.664551
0.000000;-150.000000;2000.000000;7.498543;-280.103851;2123.109863;13.446541;-385.748779;2219.777832;17.499851;-545.454346;2368.345703;50.704277;-518.316772;2344.119141;175.354980;-499.285614;2275.308838;187.348022;-304.202057;2078.055176;68.109451;-464.624756;2197.914795;-17.034428;-438.896240;2236.011963;-25.483971;-389.538239;2139.668457;-57.145065;-459.172180;2195.778076;-16.913967;-518.377258;2345.018066;-132.193512;-499.944275;2283.093262;-155.091797;-310.964813;2073.765625;21.493690;-431.156433;2174.140381;123.167488;-429.486877;2196.817383;100.867188;-377.292328;2106.434082;131.097626;-443.316132;2183.169189;91.528793;-148.423920;1996.090698;192.151062;-12.146362;1631.212524;319.723969;325.065399;1764.713135;401.752747;453.296906;1653.958984;-82.535530;-151.421204;2003.525269;-206.448456;-35.362610;1639.299683;-301.426178;318.498444;1768.515625;-350.956573;449.295563;1666.352051;18.881609;-613.907898;2413.623535;29.541460;-642.460938;2255.054688;55.300907;-678.765137;2289.433838;106.077362;-672.452148;2406.095215;3.224518;-677.886475;2282.538330;-60.108284;-683.005005;2397.850098
0.000000;-150.000000;2000.000000;6.803179;-279.415863;2123.453613;12.279470;-384.120636;2220.826660;14.499971;-546.482788;2365.997803;47.929756;-518.633362;2343.086426;174.024185;-498.547729;2277.779297;187.191864;-305.431885;2079.299316;67.527130;-465.043091;2199.085938;-17.765236;-437.125244;2234.840820;-25.641029;-389.479370;2137.786865;-57.199669;-457.860413;2192.680908;-19.579723;-519.272217;2342.505859;-132.842178;-501.545898;2277.200195;-150.779694;-311.974701;2068.542236;22.068584;-429.121948;2177.737793;122.850273;-431.836121;2203.335205;101.674965;-374.260162;2116.211426;130.582733;-445.759644;2186.204590;91.391678;-146.164520;1998.984375;196.757828;-14.309357;1634.536621;319.500305;324.708038;1766.192505;399.785095;451.557159;1653.109497;-82.411903;-153.458633;2000.915894;-200.692139;-32.989182;1636.965576;-301.099945;318.366913;1767.023315;-350.603790;449.795929;1666.139771;15.495453;-615.708130;2409.849854;34.700417;-638.498047;2251.417969;58.593620;-675.962036;2285.751953;102.928596;-673.869446;2404.938965;7.046343;-674.825317;2276.111328;-62.285866;-684.063416;2387.402832
0.000000;-150.000000;2000.000000;2.966190;-280.419250;2123.084473;5.533344;-387.532806;2218.369629;6.126396;-553.156128;2360.515625;39.842087;-524.388428;2338.981201;169.748260;-501.529877;2281.928223;192.264404;-305.978607;2085.888672;74.000946;-467.734863;2205.121582;-13.418575;-441.140259;2237.085449;-26.746597;-392.684723;2140.780762;-51.297550;-462.022949;2194.353271;-27.757931;-525.815063;2336.679688;-143.529007;-508.226074;2275.303711;-153.986755;-315.056946;2068.656738;20.449425;-432.539490;2176.001221;120.783096;-433.865173;2204.207764;99.429123;-375.741394;2117.222412;128.814468;-448.038513;2186.967285;91.554352;-145.967438;2002.066528;208.137817;-23.579254;1636.819458;316.782928;322.099457;1765.825439;398.191284;450.397247;1654.549683;-82.558594;-153.636353;1998.136597;-195.972626;-29.443985;1632.977661;-303.600433;318.291229;1769.233032;-353.626129;447.813751;1665.567749;6.879950;-623.398621;2403.051514;36.119904;-645.214050;2245.681641;59.187317;-682.062012;2281.408203;96.443459;-678.854675;2403.244385;8.179182;-682.540222;2268.733154;-67.386551;-694.279663;2375.978027
0.000000;-150.000000;2000.000000;0.262882;-280.209229;2122.042969;0.929602;-387.519592;2216.061279;0.962049;-551.196716;2358.801270;34.543018;-522.333984;2337.747314;164.501495;-499.987061;2282.431152;193.087753;-302.221069;2091.419434;76.966652;-469.284851;2202.929932;-11.175173;-445.740631;2233.832520;-31.978518;-393.019653;2141.794434;-49.391037;-461.436401;2193.369385;-32.647476;-524.588074;2334.269531;-149.258347;-507.905762;2275.706055;-153.441116;-316.485352;2069.130371;27.374268;-463.414734;2099.429688;102.705147;-462.244354;2170.706787;86.297897;-371.252289;2118.370605;115.741089;-450.093628;2179.871094;90.798859;-143.979462;2006.227905;217.447540;-22.700195;1646.196777;314.118195;325.686890;1771.716919;393.017853;449.638611;1655.401489;-81.877319;-155.428986;1994.384155;-190.577072;-26.397003;1631.670898;-306.622162;315.494934;1770.290771;-352.898712;447.805237;1669.891113;1.791874;-620.744995;2401.689209;35.154930;-646.294434;2246.538818;55.248161;-683.336487;2283.404053;88.318359;-679.766418;2405.776611;4.976046;-681.796753;2269.062256;-74.211365;-688.404663;2373.289063
0.000000;-150.000015;2000.000000;-1.329191;-280.536072;2121.791016;-1.963427;-388.691895;2214.923584;-4.742720;-552.033386;2358.152588;29.282206;-523.357788;2337.514160;156.664246;-496.010040;2278.431152;196.328323;-298.125671;2089.371094;71.976196;-463.987793;2193.766602;-15.724457;-447.498138;2230.131348;-36.889194;-394.741730;2138.145508;-54.883553;-464.871277;2191.095947;-37.884838;-525.343445;2333.040039;-153.362900;-511.640137;2271.420410;-160.038254;-318.153351;2066.689941;32.458092;-441.669769;2120.852539;111.744232;-456.786377;2186.047363;81.105942;-376.310577;2123.742920;123.162933;-462.171021;2183.943604;90.988342;-145.828629;2005.463989;220.497818;-39.292389;1641.627808;311.466736;310.873657;1766.926758;389.023560;445.553894;1662.080444;-82.048187;-153.761536;1995.072998;-181.835815;-10.100128;1635.131348;-311.457764;328.072571;1771.253662;-356.886719;453.031189;1661.376343;-4.842928;-621.492065;2401.255371;36.916767;-646.377319;2247.974365;57.259628;-682.022949;2286.092041;84.469574;-675.763306;2409.844727;7.666027;-683.297241;2269.467285;-75.774437;-693.380920;2370.101563
0.000000;-150.000000;2000.000000;-1.676615;-279.613617;2122.350098;-2.373343;-387.472595;2215.474854;-6.104702;-552.766418;2355.885254;27.949308;-523.516235;2336.315918;157.373337;-497.265839;2281.915283;195.393860;-299.231842;2093.324707;71.960289;-464.954498;2198.201660;-18.001562;-447.233459;2227.333984;-37.293861;-397.289856;2133.587158;-54.569427;-465.764923;2188.802490;-39.001312;-526.033142;2330.652832;-153.529129;-513.535950;2267.474365;-160.917328;-320.616577;2062.855957;30.732403;-441.753418;2123.382324;111.850761;-457.088806;2185.953857;80.323868;-377.798279;2122.869141;123.180130;-462.738281;2183.277832;90.629868;-144.295929;2007.284668;222.257156;-46.326462;1642.510986;310.131042;304.698334;1765.718506;387.949585;439.127411;1661.283081;-81.724930;-155.143600;1993.431152;-178.248138;-8.399994;1634.559326;-311.901581;330.163483;1763.874268;-359.252686;453.711517;1653.649048;-6.304758;-622.770142;2397.841797;35.741646;-654.369385;2246.155273;56.303207;-687.980225;2285.839844;83.294212;-675.764282;2408.985352;6.817966;-690.429077;2269.288574;-76.503746;-696.490845;2370.069336
0.000000;-150.000015;2000.000000;-3.100538;-281.026031;2119.880371;-4.987280;-388.857910;2212.250244;-8.431452;-554.883789;2350.611328;25.402428;-525.238098;2331.697266;155.298630;-497.158112;2280.764160;194.336456;-300.069611;2092.812744;72.156708;-465.607422;2197.650146;-19.519573;-445.550415;2217.245117;-40.054817;-397.515961;2123.202148;-54.259014;-463.924103;2187.801270;-41.230274;-528.324463;2325.406738;-154.996643;-513.654663;2262.280518;-163.192383;-319.731537;2060.014648;28.989340;-442.422760;2111.910156;106.379288;-458.440247;2178.313232;77.866119;-375.798798;2118.825195;117.497635;-463.147430;2178.012695;90.039536;-143.420761;2009.519653;222.516586;-48.544922;1645.778809;308.877808;303.318481;1763.367310;387.002136;436.502441;1658.744263;-81.192612;-155.932831;1991.415649;-176.254105;-10.144043;1633.328979;-313.303253;326.854431;1759.072998;-359.525879;452.425476;1651.635864;-8.353054;-625.023315;2391.775879;34.338097;-657.543701;2241.064941;56.127884;-689.580811;2281.117188;82.829849;-674.329224;2403.526855;6.903237;-694.106812;2264.807617;-75.626587;-701.459351;2365.556396
0.000000;-150.000000;2000.000000;-3.426970;-280.901764;2119.896973;-5.563055;-388.662689;2212.252930;-9.523371;-554.629883;2350.529053;24.349939;-524.916687;2331.845703;154.500626;-496.698792;2281.812988;194.583649;-299.419189;2094.451660;71.954971;-465.082794;2198.348633;-19.749027;-444.903534;2217.486816;-40.083870;-396.502777;2123.640137;-55.498005;-457.564453;2182.959961;-42.204693;-528.158325;2325.120605;-155.384842;-513.959961;2260.955078;-161.572678;-319.060150;2059.722168;33.639771;-439.202820;2105.461670;108.548111;-457.678223;2173.971680;79.098068;-373.828125;2116.753418;118.252380;-463.087311;2175.778564;89.983093;-143.457916;2009.714478;224.708328;-49.558105;1646.729980;310.184265;302.590942;1763.591187;385.714874;436.459961;1658.080811;-81.141724;-155.899292;1991.239990;-173.364639;-10.662994;1632.372803;-312.105560;326.386719;1755.605225;-357.161407;453.293579;1649.363525;-9.550232;-624.740601;2391.675537;35.390572;-658.076172;2241.870361;57.769447;-688.862000;2282.541748;82.922600;-671.093933;2404.885742;8.867071;-695.092407;2265.897949;-74.247513;-703.493530;2366.011230
0.000000;-150.000000;2000.000000;-5.947582;-281.591461;2117.978516;-9.641716;-390.592285;2207.928223;-15.769588;-556.914124;2344.339355;18.141724;-526.729553;2327.040039;149.238541;-500.238525;2280.252930;192.155716;-302.450287;2095.687500;65.025520;-466.729797;2194.185059;-25.805771;-448.958099;2217.500977;-46.355247;-399.329254;2124.841553;-61.189449;-460.974487;2173.625488;-47.842533;-530.815186;2318.161133;-158.243866;-518.107422;2250.029785;-169.320145;-320.961517;2052.791504;33.176167;-432.476868;2080.317871;95.755112;-467.654358;2153.854492;72.018776;-374.545837;2110.839844;106.188766;-465.971497;2166.385498;88.858719;-141.388687;2014.084473;228.955124;-56.229553;1652.726196;306.536285;299.707306;1758.103882;381.158325;434.844879;1654.904053;-80.127808;-157.765198;1987.299438;-164.718567;-11.374146;1628.782837;-316.316864;319.227020;1749.517578;-362.192047;448.911957;1648.200684;-16.160252;-627.029297;2384.830078;30.748337;-666.140747;2237.730957;53.174568;-694.503784;2279.809082;76.632309;-670.811768;2400.961182;4.764438;-702.371460;2263.068848;-78.880859;-707.746338;2362.266602
0.000000;-150.000015;2000.000000;-8.056172;-282.841492;2116.228271;-13.316997;-392.924347;2204.591309;-21.647758;-559.568176;2340.219238;12.536102;-529.433960;2323.486816;143.786743;-500.148132;2279.206543;194.230148;-302.929443;2096.266602;62.733784;-466.823639;2189.081543;-29.749454;-450.778137;2205.953369;-48.488346;-403.498413;2111.792480;-63.984734;-463.649780;2168.844727;-53.282906;-533.318604;2313.733887;-163.945511;-519.948975;2246.355957;-179.416946;-318.920776;2053.700439;34.226208;-410.941559;2054.377441;77.911499;-418.849121;2146.970215;16.753763;-347.878876;2099.135742;13.516192;-455.693481;2177.782227;88.523811;-141.586731;2015.751709;237.911865;-64.037292;1656.757446;308.127441;296.464905;1749.993042;384.011810;431.067627;1647.282837;-79.825821;-157.586639;1985.796021;-151.880920;-9.611023;1625.545166;-317.738159;313.205505;1747.621582;-367.884399;445.740967;1652.432373;-22.745132;-629.765869;2380.423828;28.156523;-660.306519;2232.761719;50.218822;-690.324890;2273.812988;70.487152;-672.451172;2396.425781;2.401809;-698.266235;2255.596191;-83.209892;-710.370117;2352.357910
0.000000;-150.000000;2000.000000;-8.059081;-282.834686;2116.223633;-13.322722;-392.909149;2204.586182;-21.652603;-559.540344;2340.214111;12.527769;-529.401794;2323.488770;143.783798;-500.085114;2279.265869;194.263382;-302.831421;2096.392822;62.779133;-466.771118;2189.118408;-29.709656;-450.759949;2205.967285;-48.450920;-403.463196;2111.821289;-63.927319;-463.635406;2168.843994;-53.285168;-533.299316;2313.721191;-163.921173;-519.952332;2246.307129;-179.337570;-318.954681;2053.633789;34.290764;-410.981293;2054.462402;77.921959;-418.871277;2147.076904;16.797796;-347.911530;2099.194580;13.500712;-455.667755;2177.884277;88.518333;-141.583923;2015.756836;238.017120;-64.006302;1656.834961;308.127197;296.477844;1750.148438;384.014984;431.091553;1647.470337;-79.820885;-157.589142;1985.791382;-151.804153;-9.644165;1625.533691;-317.723083;313.153503;1747.520508;-367.867798;445.662415;1652.307739;-22.745796;-629.733032;2380.420166;28.260365;-660.227234;2232.791992;50.293499;-690.255249;2273.848633;70.472435;-672.417236;2396.475586;2.492075;-698.192871;2255.596191;-83.184364;-710.327881;2352.288574
0.000000;-149.999985;2000.000000;-13.523254;-283.863098;2113.733154;-22.825232;-394.383057;2200.540527;-31.610535;-561.786621;2334.189453;2.201898;-530.605225;2319.116699;134.602142;-498.049927;2282.541016;187.071289;-302.644073;2099.427734;56.906818;-466.209778;2193.027344;-36.157604;-448.578339;2201.394043;-55.973114;-403.662140;2106.655273;-67.687950;-463.731018;2166.134277;-62.827579;-536.356506;2306.692383;-173.251633;-524.813354;2239.324707;-179.833923;-329.720398;2041.318237;35.216820;-415.638794;2054.169434;69.030182;-432.334534;2149.355225;12.280116;-357.569519;2102.559570;5.453825;-457.926208;2179.370117;86.485817;-139.435822;2022.717285;240.629318;-66.326035;1666.095337;303.864227;294.944092;1756.798218;374.223145;423.022583;1643.355957;-77.988075;-159.526154;1979.514648;-148.131134;-7.100891;1622.030884;-325.331268;309.497192;1740.886353;-374.765503;444.187683;1649.317383;-32.223545;-632.097656;2373.722656;22.995758;-662.220093;2228.042480;43.845291;-692.138794;2269.577881;60.337852;-674.413391;2392.400635;-3.243690;-700.169312;2249.987305;-91.415504;-712.600586;2343.854492
0.000000;-150.000000;2000.000000;-14.653366;-284.063232;2114.832275;-25.282652;-393.818298;2203.673584;-37.448383;-564.211914;2335.125977;-3.095113;-532.622375;2321.337646;129.681259;-498.587708;2284.518066;179.939423;-300.367981;2101.603516;49.895241;-466.617798;2193.668457;-44.054810;-449.198242;2196.811035;-64.236961;-404.831055;2101.242920;-74.746399;-466.640137;2167.171875;-68.132492;-538.220215;2307.090576;-178.504562;-530.959290;2237.712402;-182.500793;-326.654358;2046.941772;31.517431;-419.245361;2047.693481;70.534325;-438.948059;2140.890381;11.888399;-359.969788;2102.908203;-2.220948;-458.485657;2177.330078;86.963554;-139.807037;2022.997192;253.866318;-77.500534;1667.692871;296.685181;289.676147;1755.088623;368.125397;421.607117;1645.155273;-78.418869;-159.191437;1979.262573;-145.570938;-2.045197;1620.883423;-329.493011;312.271423;1742.207886;-383.776062;440.648499;1642.925171;-39.039146;-635.516846;2373.733398;15.557311;-663.287720;2226.423340;37.758518;-693.126953;2267.713379;55.289665;-675.795532;2391.139160;-9.585178;-702.268433;2248.489258;-96.800262;-717.733154;2343.756104
0.000000;-150.000000;2000.000000;-15.412247;-287.182983;2110.862305;-28.984911;-394.020660;2202.710938;-42.773972;-565.700806;2332.161865;-8.373490;-533.749023;2319.441406;126.191528;-501.099060;2288.578125;176.502090;-301.608215;2107.243408;45.991974;-470.925842;2192.563477;-48.140476;-454.493622;2193.632080;-67.876030;-408.260498;2098.910645;-78.849083;-468.335999;2162.528809;-73.013229;-539.665161;2303.723877;-182.728073;-534.348877;2233.241211;-180.105560;-328.090698;2044.738159;32.769756;-423.035980;2045.204590;74.159798;-437.342041;2138.313477;15.614410;-358.755829;2099.498047;-5.865877;-459.169800;2174.542969;86.472618;-139.805679;2024.636230;257.246490;-81.687256;1670.655151;293.239044;286.089447;1757.896362;361.401245;419.817291;1648.188232;-77.976158;-159.192657;1977.784546;-142.253281;1.581360;1620.678711;-334.803406;309.895660;1743.487793;-388.030518;438.460541;1644.003296;-44.687809;-637.358887;2370.020508;16.910717;-671.556458;2226.958984;38.516876;-697.952148;2270.798828;50.281776;-672.639404;2393.472656;-7.591971;-710.135376;2250.359375;-97.949104;-723.458252;2342.906250
0.000000;-150.000000;2000.000000;-15.673021;-286.916290;2110.602051;-29.356504;-393.789520;2201.964600;-43.834492;-566.171753;2329.694092;-9.461985;-534.117859;2317.531006;125.031143;-501.153625;2287.993164;175.463882;-301.337585;2107.866211;45.173016;-470.943542;2191.721191;-48.905209;-455.279907;2191.193604;-68.102737;-409.809387;2096.230225;-78.877914;-468.339233;2157.931885;-73.833008;-540.022217;2301.270996;-181.236130;-532.467163;2227.961914;-169.833115;-328.578705;2038.023315;42.591492;-422.872040;2048.155762;79.211212;-438.278992;2142.851318;22.444992;-360.700958;2100.122559;-6.048417;-460.174866;2174.142334;86.225052;-139.797089;2024.848999;261.939087;-81.729172;1674.165405;294.001007;285.596222;1761.607300;360.464325;416.979095;1648.686890;-77.752930;-159.200439;1977.592407;-138.670364;1.342346;1620.656738;-332.271942;308.886932;1741.379272;-385.189728;436.801971;1641.468506;-45.911667;-637.988525;2366.898438;19.965275;-670.667358;2225.748779;39.757919;-697.907104;2269.790527;47.644039;-674.617920;2392.922607;-5.676582;-709.237366;2247.676270;-99.053452;-722.896362;2336.754150
0.000000;-149.999985;2000.000000;-18.226328;-288.284363;2108.049316;-35.929710;-392.553833;2201.376953;-53.896519;-566.404907;2326.085693;-19.263786;-534.231201;2315.356689;116.642044;-501.206482;2294.729248;172.848999;-304.736694;2113.268555;43.937717;-473.650879;2199.655762;-50.176823;-459.128967;2199.185547;-78.412979;-415.722595;2105.708740;-79.825989;-470.213318;2162.016846;-83.048111;-539.914063;2297.228760;-191.249084;-532.456421;2225.451172;-171.888245;-330.737366;2034.466919;38.267975;-427.846863;2053.374512;72.252335;-440.312927;2149.307861;17.878033;-364.817261;2100.556641;-13.341578;-464.657043;2176.776611;84.894058;-139.031311;2028.358398;266.571991;-86.851517;1680.481689;288.635132;281.360413;1764.732422;353.203186;410.660278;1648.812012;-76.552704;-159.890930;1974.428101;-135.877625;1.165955;1618.125244;-335.936279;303.896606;1738.639160;-391.295685;430.866516;1639.291260;-56.982227;-638.614197;2362.175781;24.789082;-674.629639;2230.759766;41.919575;-697.455444;2278.189453;35.714642;-666.149048;2399.431152;-0.073009;-713.596313;2252.701660;-100.565979;-728.949951;2333.043457
0.000000;-150.000000;2000.000000;-20.205591;-290.021118;2107.979004;-39.744308;-395.205231;2201.776367;-59.612633;-569.500122;2328.787109;-24.573683;-537.056519;2318.277832;113.087822;-505.506317;2298.533936;176.378525;-304.741730;2120.541504;47.758583;-477.266052;2205.541504;-47.417809;-464.282166;2205.279297;-83.527428;-420.671814;2113.556152;-76.999153;-474.130859;2165.584961;-88.576897;-543.108765;2298.945068;-197.541611;-537.746826;2226.083740;-178.266510;-325.800720;2042.771729;35.655991;-421.315552;2046.042969;71.731758;-446.971924;2139.518311;13.739500;-366.858246;2101.512939;-17.461397;-464.116699;2172.172363;85.462494;-139.675201;2029.380737;276.646179;-94.631836;1681.662354;288.310303;277.759094;1764.467407;349.242462;410.397156;1647.764526;-77.065277;-159.310333;1973.506104;-132.862747;-0.747314;1611.719604;-339.290527;299.291931;1738.655518;-397.201843;428.355896;1640.917358;-63.179207;-642.022278;2365.775146;11.390909;-673.670898;2227.453125;32.674416;-696.640625;2273.681396;33.580475;-666.829468;2396.577148;-10.719161;-714.137085;2250.634521;-105.759079;-734.316650;2338.059570
0.000000;-150.000000;2000.000000;-20.212934;-290.018951;2107.971436;-39.759644;-395.197754;2201.766113;-59.638573;-569.488464;2328.769775;-24.599262;-537.046692;2318.262695;113.059273;-505.488220;2298.542969;176.370026;-304.693481;2120.605225;47.744370;-477.240479;2205.531006;-47.429810;-464.263428;2205.211914;-83.474533;-420.648987;2113.469238;-76.976547;-474.088318;2165.450195;-88.599731;-543.096619;2298.927246;-197.587952;-537.733398;2226.108643;-178.504272;-325.701111;2042.889648;35.447559;-421.139404;2045.950684;71.602661;-446.828979;2139.382568;13.554180;-366.719849;2101.462891;-17.555496;-464.022888;2172.094727;85.458206;-139.677048;2029.385254;276.752594;-94.591492;1681.747437;288.340576;277.782043;1764.587769;349.316772;410.431641;1647.930298;-77.061424;-159.308640;1973.502075;-132.814117;-0.745453;1611.722412;-339.250153;299.284912;1738.629883;-397.139862;428.340759;1640.877441;-63.208927;-642.008789;2365.755371;11.288338;-673.587402;2227.383789;32.605633;-696.564575;2273.590820;33.573788;-666.793762;2396.491699;-10.794385;-714.067078;2250.564453;-105.773758;-734.305237;2338.035645
0.000000;-150.000000;2000.000000;-23.522745;-288.660461;2108.000977;-46.758862;-391.562225;2202.700684;-66.362572;-570.609558;2321.542480;-31.931538;-537.089478;2313.519531;104.156235;-499.090454;2298.525391;172.816879;-297.058929;2125.574463;47.993336;-473.527924;2205.716797;-47.021011;-463.987457;2199.265625;-88.776596;-423.995209;2108.756836;-75.918091;-476.270752;2166.291992;-94.886032;-543.806396;2291.937744;-199.988144;-535.201782;2214.699951;-203.866531;-333.798889;2020.415771;12.047581;-419.646881;2043.003906;63.159794;-450.061523;2127.160645;3.325418;-367.711609;2099.183105;-24.010210;-467.650909;2172.259277;83.527298;-138.328644;2033.177124;288.514130;-96.603317;1694.691650;288.281006;276.958160;1765.857178;344.298096;407.503510;1645.473755;-75.320244;-160.524597;1970.082886;-132.223755;3.037109;1612.309326;-339.944458;300.252899;1739.534302;-397.493683;423.656464;1635.565552;-69.333145;-644.362183;2355.364258;6.214558;-681.430420;2219.615723;29.051876;-699.375610;2267.065430;28.599197;-660.507568;2386.924316;-13.080303;-721.208496;2245.880859;-105.898193;-740.657227;2335.132324
0.000000;-150.000000;2000.000000;-24.840876;-288.812042;2110.818115;-48.360294;-393.278717;2206.169434;-73.451744;-571.764893;2329.247559;-37.800591;-538.784424;2320.925781;98.635010;-497.465271;2302.749023;179.823380;-295.537933;2130.094238;44.242546;-469.381531;2206.001465;-51.490105;-459.541077;2195.551758;-92.347702;-421.695251;2102.288574;-78.817604;-472.780609;2159.471191;-101.379463;-544.553101;2298.534180;-202.291901;-531.791199;2214.080566;-214.579163;-326.615662;2019.463867;6.462381;-408.219482;2034.704346;58.846268;-447.267639;2115.913818;-4.163258;-362.740448;2099.021973;-27.290398;-462.007324;2166.425293;84.259766;-137.924820;2034.013062;299.258759;-102.279938;1695.672119;291.199341;276.678711;1760.939209;350.537598;408.900208;1640.668701;-75.980736;-160.888702;1969.328857;-119.176521;11.339386;1608.644775;-333.753876;306.907349;1741.533325;-399.724091;428.270447;1636.924927;-78.467400;-645.667114;2364.700684;3.408228;-675.320923;2228.641113;26.797087;-692.383728;2276.890137;20.841272;-654.984497;2398.576660;-13.574335;-717.285767;2254.248535;-107.574684;-745.253235;2342.171875
0.000000;-150.000000;2000.000000;-24.845282;-288.824371;2110.740234;-48.316414;-393.404572;2205.933105;-73.184143;-572.222778;2328.491699;-37.584396;-539.177307;2320.270020;98.799500;-497.636536;2302.454834;180.150467;-294.886841;2130.938965;44.650711;-469.211670;2205.727295;-51.022415;-459.468536;2194.840820;-90.987083;-421.310150;2101.344727;-78.189682;-472.739960;2158.831299;-101.136345;-544.971863;2297.852539;-202.039063;-532.076355;2213.451172;-214.693008;-326.150421;2019.740112;6.619795;-407.062775;2033.916992;59.315262;-446.388123;2114.761719;-3.962162;-361.966431;2098.498535;-26.694447;-461.625244;2165.406250;84.233521;-137.931152;2034.027954;299.684448;-102.037857;1696.102539;291.325073;276.815857;1761.459961;350.742615;408.959534;1641.205688;-75.957069;-160.883026;1969.315552;-118.987144;11.529510;1608.795166;-333.463837;307.024353;1741.767456;-398.896729;428.665466;1637.205444;-78.104599;-646.212769;2363.733887;4.231306;-675.396973;2227.891602;27.327566;-692.843994;2276.130371;20.990808;-656.155151;2397.985107;-13.039682;-717.432068;2253.166504;-107.528366;-745.515869;2340.485352
0.000000;-150.000000;2000.000000;-24.986095;-288.883636;2110.548584;-48.462612;-393.732849;2205.380127;-73.519417;-573.444824;2326.469727;-37.943771;-540.304199;2318.621826;98.559006;-498.468292;2302.867676;181.996750;-293.196564;2135.537598;46.640598;-468.976990;2206.886230;-48.867092;-459.682037;2194.509766;-86.234406;-420.845825;2100.259277;-75.415787;-474.038147;2159.387207;-101.392044;-546.007080;2295.948730;-202.265167;-532.083557;2211.736328;-215.077301;-321.463226;2023.275635;6.674831;-401.871826;2030.682129;60.572475;-443.732513;2109.393799;-2.807886;-358.803192;2096.792480;-25.237619;-460.161133;2160.986328;84.164474;-137.967773;2034.139038;302.547699;-101.130859;1698.344849;292.450531;277.599243;1763.508545;351.744690;408.989990;1642.457520;-75.894814;-160.849991;1969.215332;-117.507095;12.059723;1608.898193;-332.000763;307.812439;1740.932861;-394.854126;430.314758;1635.879272;-78.466415;-647.681763;2361.127686;5.576031;-675.935974;2226.193359;27.401550;-694.892151;2274.435059;19.723351;-660.594360;2396.868652;-13.082369;-718.062866;2250.269043;-109.695816;-745.755188;2335.299561
0.000000;-150.000015;2000.000000;-27.327650;-281.662567;2114.148926;-51.117859;-383.553955;2208.681641;-76.809082;-563.867432;2322.260986;-42.021194;-530.642334;2316.408203;92.964096;-489.311035;2309.634277;181.432983;-289.796143;2145.279785;58.263157;-465.595581;2225.944824;-36.009319;-458.810730;2214.534912;-82.440926;-425.081970;2124.427734;-63.783348;-469.720703;2180.224121;-103.734528;-536.386292;2292.214844;-198.426208;-520.827759;2204.482666;-211.953232;-302.052338;2032.870361;5.412155;-378.661133;2061.264160;50.471859;-398.483673;2151.176758;-12.566126;-339.686798;2091.212402;-27.122210;-451.848541;2165.175293;82.016174;-136.699341;2034.976440;312.831024;-92.723755;1716.464722;296.907288;282.509888;1761.520264;346.965027;414.447998;1641.552979;-73.957596;-161.993835;1968.460327;-112.160477;25.864014;1622.668701;-330.743317;315.976868;1741.690186;-392.415222;436.546082;1638.253296;-81.688980;-637.874756;2354.223389;11.075863;-677.251099;2231.407715;28.923695;-691.037354;2281.941895;11.994984;-646.039185;2397.690918;-8.868872;-716.464355;2257.503906;-109.958298;-736.712097;2335.931396
0.000000;-150.000000;2000.000000;-31.192888;-279.844604;2115.251709;-57.687126;-381.141449;2209.716797;-82.610504;-561.114014;2324.029785;-48.422733;-527.149292;2318.907471;85.253014;-481.458527;2314.353516;181.996277;-281.445190;2155.325928;57.087975;-459.972473;2226.847656;-37.150723;-455.156799;2214.179199;-87.128067;-421.809052;2125.836914;-65.538353;-467.844025;2185.664063;-109.262138;-534.486938;2292.982422;-205.314133;-521.063049;2206.372070;-212.459961;-290.505402;2050.494385;2.578522;-377.013306;2064.782227;55.196770;-395.110046;2150.878906;-13.270569;-339.630646;2093.763672;-30.411797;-451.936340;2167.327148;80.391075;-135.467239;2038.130737;313.380249;-89.745087;1721.423828;292.879761;285.350952;1765.962402;344.515930;414.452148;1643.584717;-72.492172;-163.104828;1965.615845;-110.312408;34.957153;1625.495728;-335.926697;319.658203;1744.538208;-395.449768;438.003357;1637.325928;-86.751053;-634.966431;2356.463623;7.454739;-673.506592;2234.469971;25.691727;-685.727661;2285.270996;7.103333;-639.145996;2400.143555;-11.192684;-712.872681;2261.291260;-111.651314;-735.034424;2340.024414
0.000000;-149.999985;2000.000000;-32.946064;-281.933746;2113.843262;-61.847202;-383.449036;2208.506836;-84.115784;-567.621704;2318.787842;-50.432636;-532.641541;2314.801758;82.381516;-482.272736;2310.662109;179.844604;-278.092010;2154.863281;55.856750;-460.418732;2222.261230;-38.390858;-457.525085;2205.777588;-83.945381;-424.442230;2114.300781;-66.161896;-469.318573;2176.139160;-111.182747;-540.670776;2287.964844;-206.744614;-524.184631;2200.291260;-202.555084;-283.490448;2057.486572;9.156094;-381.681122;2064.544434;56.020180;-397.211426;2155.015869;-8.511772;-342.490051;2091.861816;-31.984577;-455.015625;2165.219727;79.922661;-135.309448;2040.154419;315.073914;-91.482635;1722.103760;291.848145;285.755981;1764.542480;341.611572;410.487732;1635.520996;-72.069778;-163.247086;1963.790894;-109.472404;34.961243;1621.231689;-338.177307;319.462463;1741.489258;-396.615601;435.568176;1629.857300;-86.999664;-642.714844;2349.554199;9.125572;-682.192505;2228.240234;26.923569;-694.060669;2279.603760;6.882137;-646.401672;2394.529785;-9.841776;-721.605164;2255.295898;-111.661179;-743.492920;2333.508789
0.000000;-150.000015;2000.000000;-33.126156;-279.023895;2115.146484;-61.822159;-378.670654;2210.340820;-85.958412;-561.295410;2319.784912;-52.419880;-526.605713;2316.327637;79.113800;-475.587860;2315.085938;178.276062;-275.607788;2158.370605;54.765381;-455.859924;2226.589844;-39.390503;-455.554321;2213.687988;-81.814438;-423.954590;2121.088379;-66.900406;-459.106812;2172.973877;-112.284470;-534.569458;2288.683594;-201.818207;-516.078430;2196.551270;-204.432785;-294.743774;2028.533081;7.120522;-378.573578;2072.718750;55.124031;-395.699310;2161.450195;-9.598522;-341.731689;2099.107910;-32.516975;-453.243774;2171.598389;79.492813;-135.167221;2039.489502;322.046326;-89.152695;1731.005005;294.394104;285.506104;1769.090698;340.288391;412.743103;1643.033936;-71.682159;-163.375397;1964.390625;-104.737221;43.650391;1629.989624;-333.184692;325.377686;1748.486816;-399.202759;432.929993;1634.415405;-89.411156;-635.789917;2350.417480;7.297951;-679.022522;2232.393555;23.938072;-690.040527;2283.904297;2.986332;-640.059937;2396.675293;-12.620605;-717.276001;2259.729980;-115.308243;-735.737427;2336.122559
0.000000;-149.999985;2000.000000;-32.370716;-283.491394;2109.928711;-63.671364;-382.432556;2204.866455;-89.388092;-564.400757;2314.698242;-56.044640;-529.518433;2311.914551;74.967194;-477.476105;2312.350586;186.263458;-278.162628;2163.523438;54.194317;-454.527924;2224.893555;-40.590450;-459.677521;2222.375244;-89.752144;-433.471375;2131.542480;-68.806992;-456.920502;2168.198242;-115.046158;-538.080933;2282.766113;-201.303268;-517.920410;2188.045410;-199.112610;-303.466949;2011.682739;7.926613;-382.963013;2078.475586;48.956585;-398.065460;2170.898926;-10.731609;-348.408508;2100.603027;-39.199051;-459.519836;2170.310547;77.774796;-134.086899;2042.226318;319.061127;-94.808685;1732.237183;292.818298;280.301392;1763.115479;341.397583;410.863220;1641.776123;-70.132957;-164.349518;1961.922607;-100.582657;49.337982;1631.876709;-335.878815;326.064392;1747.715088;-405.647827;427.421143;1630.456299;-93.120956;-638.667236;2345.675293;1.792316;-688.762939;2229.091309;19.411434;-696.262817;2280.859375;0.029236;-639.224121;2390.401367;-17.301218;-725.264404;2259.193359;-118.389801;-739.440308;2338.401855
0.000000;-150.000000;2000.000000;-32.502583;-283.461731;2109.880859;-63.973721;-382.287262;2204.849121;-89.376984;-564.053650;2315.020508;-56.072865;-529.153320;2312.129150;74.846642;-476.938477;2312.157471;185.056992;-278.405365;2161.569580;53.593559;-454.592041;2224.594238;-41.161736;-459.821472;2221.730957;-89.666069;-434.268860;2130.380127;-69.340927;-457.598877;2167.872314;-115.097923;-537.816650;2283.082520;-203.928802;-517.942017;2190.738281;-206.777725;-290.489838;2031.579956;-2.578331;-387.302582;2082.164551;44.727280;-403.166199;2171.387939;-17.788857;-353.215881;2103.836670;-42.199898;-463.755859;2174.708008;77.721893;-134.102814;2042.298828;320.790710;-94.057632;1733.885132;292.604614;280.865601;1764.576782;340.699158;409.889954;1641.458008;-70.085251;-164.335190;1961.857300;-99.073784;49.383331;1631.775635;-334.789642;326.477722;1745.663452;-405.982056;425.908386;1627.653076;-93.002251;-638.256348;2346.128906;1.823792;-683.902100;2227.695801;19.844353;-692.589966;2279.129639;0.399223;-638.839905;2390.288818;-16.619987;-721.452148;2256.885742;-117.026749;-739.092896;2336.231445
0.000000;-150.000000;2000.000000;-32.514805;-283.480530;2109.908691;-63.999428;-382.314697;2204.903564;-89.413452;-564.109863;2315.105469;-56.097038;-529.209106;2312.204590;74.856430;-477.006165;2312.334961;185.376511;-278.264557;2162.154297;53.672153;-454.502991;2224.689453;-41.090038;-459.620056;2221.292969;-88.934914;-433.882690;2129.622559;-68.854874;-457.103394;2166.907227;-115.142670;-537.863403;2283.167725;-204.297119;-517.832764;2191.134277;-208.331421;-288.736481;2034.282959;-3.986027;-386.596832;2082.406738;43.964695;-403.455841;2171.124512;-18.944902;-352.712463;2104.504883;-43.069813;-463.877563;2174.518555;77.736786;-134.099991;2042.307251;321.027344;-94.004715;1733.977417;292.733917;280.991760;1764.570801;340.902191;409.900574;1641.306519;-70.098679;-164.337738;1961.849731;-99.021637;49.424164;1631.699585;-334.769104;326.612976;1745.538086;-405.972992;426.090088;1627.526733;-93.045403;-638.325806;2346.221680;1.741558;-684.103149;2227.767334;19.764713;-692.792908;2279.211182;0.379539;-638.980164;2390.377686;-16.735786;-721.634644;2256.977051;-117.167084;-739.163086;2336.357422
0.000000;-150.000015;2000.000000;-34.499565;-284.753723;2109.605469;-66.927757;-385.934448;2203.174316;-91.973450;-565.193970;2320.147461;-58.704975;-529.900146;2316.298584;71.515396;-473.537720;2317.656250;184.703201;-274.374939;2166.763672;50.931179;-451.196350;2228.774902;-43.826534;-453.570221;2216.454834;-94.272499;-429.117157;2125.011475;-69.492615;-452.985535;2166.197754;-117.804611;-540.124146;2286.884766;-207.133469;-520.904724;2193.651123;-206.809982;-293.404327;2031.282837;-1.400356;-393.266357;2078.092529;40.885326;-400.217651;2171.664551;-19.756617;-347.842010;2103.146973;-46.644001;-461.712189;2175.651855;77.015228;-133.457779;2044.579102;325.798859;-90.670563;1737.666382;289.171906;286.214417;1766.842529;338.261902;411.369080;1638.358765;-69.448029;-164.916885;1959.801025;-91.525421;60.321320;1633.672119;-339.818085;329.825134;1747.707642;-409.361694;429.897583;1627.614380;-95.288193;-638.799133;2354.003906;2.033390;-683.908142;2235.951660;18.571674;-694.617188;2287.901367;-2.504093;-643.206116;2400.810059;-18.292164;-722.017090;2263.738770;-121.875671;-739.298279;2340.464111
0.000000;-149.999985;2000.000000;-34.919987;-284.309784;2108.785889;-67.639603;-385.281403;2201.556152;-90.933746;-565.328186;2315.949219;-58.296219;-529.668884;2312.765137;70.883217;-472.609344;2317.229492;183.142242;-275.830261;2164.665283;52.418480;-452.674530;2229.384277;-40.854481;-453.502014;2210.477051;-93.481796;-430.853333;2120.348145;-65.705322;-455.837128;2165.848633;-116.738380;-540.397034;2282.872559;-209.763947;-529.735107;2192.718018;-208.386108;-295.086914;2043.093018;-14.126915;-417.917816;2075.742188;40.515732;-407.668823;2161.825684;-24.330540;-350.139252;2102.621094;-51.934860;-461.208740;2188.443848;76.344727;-133.450089;2044.939331;328.370514;-90.773682;1742.903809;289.096710;284.674133;1765.115112;337.268250;408.751831;1636.394775;-68.843399;-164.923767;1959.476196;-91.583298;59.411957;1634.848389;-339.207489;329.390320;1743.545776;-408.619781;428.991333;1624.032349;-93.441917;-639.007202;2348.867676;4.764881;-686.384033;2233.390381;19.807335;-697.538757;2285.445801;-2.247032;-645.921021;2397.467529;-17.082119;-723.801025;2260.548828;-122.287117;-738.313599;2334.649902
0.000000;-150.000000;2000.000000;-34.385834;-284.176727;2108.962402;-68.462692;-382.659363;2203.778809;-92.548141;-564.600220;2314.737549;-59.824238;-528.997742;2312.296875;69.164139;-472.359009;2322.046387;182.108078;-278.411591;2166.657715;53.290279;-455.897461;2232.974121;-39.132160;-454.701172;2210.509277;-95.434052;-431.924316;2122.733398;-64.873062;-454.940430;2169.390137;-118.178558;-539.012817;2282.068848;-203.427780;-521.800110;2185.565430;-198.666016;-293.423798;2026.866211;-6.174202;-421.754700;2009.298218;49.218761;-440.311340;2093.422363;-5.179691;-350.597870;2093.300293;-43.830505;-447.815186;2146.161133;75.951874;-132.730942;2045.233643;329.827484;-91.776703;1744.799194;287.284546;283.077637;1767.455444;337.871521;406.625793;1639.300415;-68.489159;-165.572266;1959.210693;-88.682175;63.868103;1638.268555;-338.731201;332.435303;1744.132446;-408.839508;427.019287;1621.134399;-95.345047;-638.819946;2346.280029;0.239941;-686.739136;2228.961914;17.668636;-695.244385;2280.740234;-2.227425;-640.227661;2391.463135;-19.008205;-723.877747;2258.325928;-120.606339;-739.610291;2336.948486
0.000000;-149.999985;2000.000000;-35.196781;-284.288666;2108.721924;-69.968803;-382.755981;2203.416992;-90.933365;-566.402954;2312.408447;-58.709972;-530.294800;2310.224121;69.863480;-472.666992;2320.751221;183.054428;-277.774689;2166.464844;53.882225;-455.578796;2231.664795;-38.744057;-455.089233;2209.799805;-91.854843;-431.739746;2120.134521;-65.159866;-457.078674;2170.568848;-117.102089;-540.787537;2280.150879;-206.193909;-524.604980;2186.899170;-200.431229;-292.568481;2033.358643;-22.004549;-441.049042;2036.026978;46.729874;-437.518005;2111.949707;-7.524876;-350.517456;2089.430176;-51.982620;-455.537781;2169.947266;75.953690;-133.096786;2045.466797;330.152161;-92.405701;1744.983765;287.831665;282.654175;1768.112305;336.760193;405.221313;1638.236328;-68.490784;-165.242325;1959.000610;-88.020676;62.950714;1636.863403;-338.668030;330.890686;1743.654663;-409.188293;428.082458;1622.814575;-92.523834;-641.058838;2343.107910;7.537292;-694.682129;2232.038818;22.536644;-701.407837;2284.861328;-1.482468;-641.890381;2392.473145;-13.532486;-730.438171;2261.912598;-118.790665;-741.865356;2336.476563
0.000000;-149.999985;2000.000000;-35.195915;-284.286591;2108.722168;-69.967827;-382.751251;2203.418457;-90.927544;-566.394653;2312.413574;-58.705086;-530.286255;2310.228027;69.865295;-472.654480;2320.755859;183.052414;-277.751251;2166.484375;53.883652;-455.562134;2231.666260;-38.740845;-455.072144;2209.797119;-91.852615;-431.718079;2120.134766;-65.152985;-457.040863;2170.549805;-117.096939;-540.780640;2280.156250;-206.198029;-524.604370;2186.913574;-200.506378;-292.563110;2033.381714;-21.983826;-440.927368;2035.941284;46.777687;-437.371826;2111.836914;-7.541721;-350.401154;2089.361816;-51.899658;-455.470581;2169.868652;75.953369;-133.096573;2045.465820;330.144165;-92.410156;1744.979858;287.828979;282.647278;1768.109009;336.762817;405.216064;1638.238647;-68.490501;-165.242538;1959.001587;-88.027313;62.945129;1636.864868;-338.672302;330.883057;1743.655884;-409.193237;428.067383;1622.812134;-92.516281;-641.049255;2343.114258;7.538055;-694.653320;2232.031738;22.547806;-701.373108;2284.851807;-1.467125;-641.856812;2392.463867;-13.518013;-730.412781;2261.910645;-118.760056;-741.861450;2336.492188
0.000000;-150.000000;2000.000000;-37.301834;-279.392334;2114.540039;-70.210785;-378.229858;2210.053223;-91.283981;-563.742554;2316.934082;-58.691246;-527.795593;2314.798340;70.579071;-469.892456;2316.339844;183.019791;-270.900909;2165.528809;50.639912;-448.325989;2227.318359;-41.996780;-447.935425;2204.448975;-95.061371;-425.048492;2114.310059;-67.142769;-450.566345;2163.256104;-117.756134;-537.362427;2285.357422;-206.834900;-520.311279;2191.780518;-204.768036;-277.568451;2054.229736;-23.965332;-423.923004;2061.883057;56.740307;-425.290588;2125.444580;-6.048996;-348.843140;2089.528320;-55.048119;-452.451111;2181.815430;77.975647;-134.479416;2042.927124;327.651978;-87.197891;1738.300903;287.196075;288.848480;1764.502319;336.714111;413.231659;1635.901001;-70.314072;-163.995575;1961.290771;-90.017685;65.828339;1639.071655;-338.968140;338.153900;1742.205200;-410.908142;434.711823;1621.074219;-93.099472;-639.017334;2346.641602;1.942493;-688.528198;2228.871094;20.400677;-695.178528;2280.749023;1.007252;-637.188843;2390.483398;-16.123474;-725.294556;2259.697266;-116.456184;-740.851807;2340.613770
0.000000;-150.000015;2000.000000;-38.693085;-277.042511;2115.963867;-71.303162;-375.998749;2210.890137;-95.919655;-561.308105;2316.186279;-62.826927;-525.978149;2314.465576;66.576813;-469.633606;2320.599854;181.444473;-272.142426;2170.992188;51.149876;-450.630524;2231.838379;-40.954597;-449.268250;2207.953857;-95.285980;-425.155609;2119.243652;-67.291168;-451.496490;2170.418457;-121.711090;-534.377563;2284.715332;-211.188065;-518.227295;2191.851563;-201.191422;-276.642822;2054.136230;-6.201447;-397.947083;2020.376953;51.912472;-431.112427;2097.973145;-7.983810;-346.330017;2082.439941;-81.044502;-417.703186;2143.841553;78.337601;-135.444397;2042.084839;326.832977;-85.645752;1738.289307;286.854034;289.256042;1766.725342;334.197601;411.146606;1635.665039;-70.640457;-163.125458;1962.050293;-90.580307;66.604889;1641.096680;-340.186035;337.926514;1741.413452;-410.924622;433.774597;1619.662842;-99.114594;-636.524292;2345.325439;4.338852;-672.579285;2230.370117;19.381748;-684.066650;2282.344971;-8.456573;-637.710327;2395.355957;-14.913441;-712.383179;2256.044922;-119.797379;-737.305054;2327.762695
0.000000;-150.000015;2000.000000;-38.458321;-277.485291;2116.255615;-70.748863;-377.006561;2211.247559;-93.002747;-562.544067;2317.802246;-60.036469;-526.956665;2315.495605;69.732246;-470.317566;2319.240234;181.532135;-271.221802;2168.140625;51.741837;-450.703400;2229.396484;-40.670425;-448.600494;2205.765137;-95.460487;-423.211914;2117.357910;-67.058472;-448.743103;2166.950439;-119.433823;-535.791382;2286.513184;-211.744904;-525.092651;2195.172363;-214.160065;-285.251984;2052.681641;-28.184532;-424.396118;2038.226074;45.433693;-431.779633;2109.493652;-14.465157;-348.736694;2085.194336;-90.180832;-414.661346;2165.926758;78.595467;-135.343002;2042.072754;326.017212;-85.087280;1736.137939;286.318359;290.828186;1764.715454;335.711975;413.960144;1634.894897;-70.872978;-163.216888;1962.061035;-92.525536;67.380554;1640.569580;-342.061310;339.944336;1741.492065;-411.221619;435.173523;1617.742798;-95.409180;-637.866455;2347.324219;2.542725;-678.858276;2228.689697;19.884048;-688.887695;2280.403320;-2.324314;-638.513306;2393.304443;-15.960258;-717.701660;2256.558594;-117.953178;-739.171875;2333.949219
0.000000;-150.000000;2000.000000;-39.676159;-278.163544;2115.773926;-73.092667;-378.060120;2210.509766;-96.126518;-562.849243;2319.265869;-63.040653;-527.221313;2316.741699;67.677155;-472.040527;2322.268555;179.989532;-273.826141;2169.158691;48.850731;-452.350769;2232.467773;-43.172939;-449.699158;2206.522217;-97.835678;-425.531982;2117.371582;-68.132027;-451.258850;2166.541992;-122.429802;-536.363342;2287.454590;-209.833618;-518.669312;2191.999756;-203.573059;-286.952454;2035.501587;-13.576180;-417.737183;2000.497437;44.755806;-442.264954;2081.749756;-7.737465;-350.757324;2082.666992;-75.455978;-416.096558;2135.583496;78.141060;-135.080063;2043.295654;324.382904;-88.604111;1734.533936;284.000427;287.991333;1765.701050;333.477966;410.091736;1634.281982;-70.463234;-163.453979;1960.958374;-97.583260;64.835144;1637.018188;-342.172119;341.259888;1743.067871;-414.112122;432.859497;1617.584351;-98.756210;-638.025085;2349.685547;6.634754;-672.901855;2235.000488;21.210548;-684.854248;2287.304932;-8.197193;-639.351440;2400.976563;-12.864529;-713.198853;2260.238770;-118.996323;-739.232788;2330.918457
0.000000;-149.999985;2000.000000;-38.566986;-281.253235;2112.010010;-73.598412;-379.335938;2207.572754;-96.929993;-563.622620;2316.146484;-63.920303;-528.068359;2313.721680;65.733994;-471.137756;2318.158203;175.621826;-274.082397;2162.925293;46.270000;-451.950531;2229.756104;-46.237118;-451.059753;2206.333008;-100.372253;-428.477570;2116.739502;-71.349220;-454.296631;2165.823242;-123.063065;-537.230469;2284.289063;-210.983932;-521.026123;2189.452637;-206.889969;-269.345001;2069.003174;-10.436474;-394.067291;2074.649170;51.669140;-466.702026;2112.399170;-14.579319;-385.837769;2100.086914;-105.723267;-429.817566;2166.162598;79.325897;-137.856415;2041.543091;318.889465;-93.849365;1728.360596;281.826843;281.947632;1762.613403;330.799835;408.747742;1636.147827;-71.531647;-160.950378;1962.538696;-104.596924;61.425781;1636.153320;-344.671753;339.917053;1743.939087;-417.930573;428.814514;1617.807251;-99.645035;-638.603394;2346.548828;6.275616;-678.112183;2234.386230;20.493855;-687.783936;2287.124268;-9.622028;-637.629517;2398.309326;-13.300888;-717.232483;2261.133057;-119.617233;-740.312866;2332.017090
0.000000;-150.000000;2000.000000;-38.338074;-281.786804;2112.777832;-72.831200;-380.908173;2208.452148;-92.834923;-567.533142;2315.702148;-60.088490;-531.428955;2313.237793;69.448654;-472.526367;2316.591797;177.829987;-272.744781;2161.501953;46.301193;-450.431732;2228.300537;-45.981388;-445.794861;2202.698730;-91.290176;-417.518616;2109.299072;-70.464684;-442.365814;2159.360596;-119.798058;-540.940735;2284.351807;-212.547394;-526.615906;2193.031006;-208.789795;-281.473663;2057.034668;-14.161507;-410.070831;2073.646973;52.853065;-471.772095;2122.224121;-17.496597;-396.073059;2099.757813;-105.791840;-430.364655;2173.618164;79.751396;-137.613541;2041.585205;318.716492;-93.348587;1725.620117;282.167572;284.331146;1759.541260;331.134399;411.473969;1632.133301;-71.915344;-161.169403;1962.500732;-103.831245;62.229645;1634.430664;-344.394379;342.861115;1742.009766;-418.145630;430.574249;1614.253540;-94.349892;-643.234497;2345.412598;7.715065;-683.654480;2229.011719;24.164322;-692.675354;2281.491699;-1.903790;-641.153564;2393.739746;-10.629551;-722.750854;2257.097900;-114.375069;-745.695007;2332.795654
0.000000;-149.999985;2000.000000;-36.656242;-282.639160;2112.564941;-70.979141;-380.318298;2209.939697;-89.828278;-567.419861;2316.921875;-57.116119;-531.245117;2314.260010;74.605911;-476.998901;2314.700684;179.245697;-274.025787;2160.793457;44.634418;-450.246277;2225.964355;-46.859100;-445.892792;2197.364746;-91.130211;-419.652222;2102.780273;-69.169449;-438.299805;2150.184326;-117.125519;-540.745117;2285.869629;-211.718018;-525.921265;2196.385254;-204.730072;-283.134888;2055.895264;4.394371;-385.937744;2033.969971;47.982403;-456.116760;2096.018555;-4.553776;-364.875000;2085.192871;-79.937202;-435.709412;2145.985352;80.325928;-137.697098;2040.654785;316.235260;-92.401260;1722.141479;281.765228;285.482727;1759.285522;333.194916;413.152100;1633.159180;-72.433418;-161.094025;1963.339844;-106.867737;58.504395;1632.577026;-342.829224;343.232666;1740.700195;-415.490173;433.565430;1613.961426;-90.995712;-643.268311;2346.453125;15.998089;-685.944702;2235.220215;30.160961;-694.047119;2288.557617;-0.642956;-640.435425;2398.723389;-3.637981;-724.536499;2263.207520;-110.686462;-745.996704;2334.813477
0.000000;-149.999985;2000.000000;-34.778770;-283.231262;2112.730469;-67.737473;-380.110352;2211.564453;-85.691711;-567.590637;2318.457520;-52.677681;-531.687073;2315.084961;77.710251;-473.995117;2313.318848;182.582352;-269.160614;2161.578125;48.834602;-446.110840;2227.333984;-44.705818;-445.541321;2205.527832;-88.899506;-420.726563;2110.406494;-68.078583;-440.877655;2155.707520;-113.535522;-540.516785;2288.170410;-210.761871;-527.214111;2201.118652;-213.240784;-307.885925;2025.700073;1.071163;-385.876221;2079.321533;60.712479;-467.550171;2100.950439;-7.833565;-387.064575;2107.829834;-97.478424;-442.600098;2161.306641;82.269806;-139.814270;2037.419312;318.984039;-94.525620;1719.022461;284.747406;283.132263;1761.982178;336.817322;411.167297;1636.224609;-74.186302;-159.184906;1966.257324;-108.161987;56.250549;1632.264282;-339.128143;343.614441;1745.402222;-413.887299;428.870544;1616.168091;-86.844009;-643.604248;2347.779297;17.981865;-686.420410;2234.336426;32.718681;-695.634766;2287.393311;4.318684;-643.208435;2398.906250;-1.987919;-725.139404;2262.001221;-108.545166;-745.866394;2334.774902
0.000000;-150.000015;2000.000000;-31.804129;-282.202179;2113.656006;-61.719875;-379.055054;2212.636719;-83.746216;-565.210632;2319.270264;-50.175789;-530.093506;2316.041748;80.792999;-475.259369;2313.843262;185.241028;-267.750153;2167.613770;49.703102;-444.007141;2227.981201;-43.987942;-444.979126;2208.734863;-88.382401;-420.514832;2114.122070;-68.704941;-440.955048;2159.935547;-110.787323;-537.775330;2288.912109;-202.610718;-522.806824;2197.205322;-204.143280;-315.958893;2008.944214;4.273289;-387.494324;2085.618164;61.684425;-470.250610;2107.123535;-5.320755;-389.026703;2113.759033;-96.128647;-443.091431;2165.212891;82.962708;-139.933105;2034.924927;317.880005;-92.285553;1717.612915;285.486572;283.548401;1763.862183;337.423645;411.754639;1639.377930;-74.811111;-159.077805;1968.506714;-109.680435;57.368408;1637.239136;-338.809753;344.352844;1749.640259;-412.674194;429.272217;1620.615601;-86.498108;-640.826172;2348.579102;20.487213;-687.419678;2239.667236;34.253426;-693.962402;2293.137207;3.290981;-636.998840;2401.093262;0.502213;-724.891968;2268.610352;-106.742722;-743.403931;2339.987793
0.000000;-150.000000;2000.000000;-30.982971;-284.842560;2110.982910;-60.667454;-382.911743;2209.002441;-80.203545;-568.924805;2316.732910;-46.859028;-533.594360;2312.922607;83.884933;-478.118591;2307.728271;184.613800;-269.375885;2160.215332;46.820808;-443.428436;2222.583496;-47.674240;-445.837830;2207.426758;-85.708694;-421.928375;2109.845215;-72.157761;-442.291901;2154.530273;-107.826660;-541.746948;2286.601074;-202.462479;-526.572998;2197.672119;-197.074646;-320.858276;2007.895142;12.182346;-388.678406;2086.238281;66.904610;-472.907715;2109.388916;-0.267925;-391.522858;2113.159180;-91.455208;-444.689026;2162.281250;83.346725;-140.800522;2034.445068;316.348511;-96.629929;1714.805054;284.965149;279.617371;1761.028687;340.314362;409.912292;1639.996338;-75.157410;-158.295593;1968.939453;-109.972809;53.514832;1634.284424;-335.589966;342.748291;1749.108521;-408.798798;429.491638;1620.733032;-82.123497;-644.501709;2346.395020;21.975288;-689.240479;2233.773926;38.250046;-694.166260;2286.759277;9.668392;-636.182373;2394.952393;4.691166;-726.879517;2264.274902;-98.722702;-748.016968;2340.604980
0.000000;-150.000000;2000.000000;-25.783936;-285.364716;2111.181641;-51.997414;-383.276428;2209.986816;-71.036530;-569.118713;2317.344727;-37.718544;-533.899902;2313.360840;92.481903;-477.638794;2310.124023;190.129578;-271.113251;2158.373535;46.004871;-441.884766;2213.604004;-49.391865;-447.552094;2213.185059;-81.110718;-421.917725;2114.003906;-74.607162;-443.133850;2148.313232;-98.782257;-541.889038;2287.513428;-195.458221;-529.435913;2200.717773;-193.615265;-325.047546;2010.162964;15.881397;-388.475037;2090.308594;41.312840;-469.779480;2148.021240;-8.032024;-385.771790;2107.788086;-96.666916;-430.930786;2167.811523;82.921631;-137.776672;2034.112183;315.560028;-97.825485;1714.518311;289.864990;278.119446;1761.243408;344.071381;408.866150;1640.682495;-74.774086;-161.022308;1969.239502;-109.771088;50.734619;1635.395752;-334.035828;340.398010;1749.535400;-403.688751;430.649353;1622.002075;-72.867340;-644.611816;2346.837158;28.438595;-689.246460;2232.044434;44.923985;-696.497070;2284.593506;19.396133;-641.232666;2394.700195;10.076069;-727.160278;2261.401855;-93.234695;-747.031921;2337.823242
0.000000;-150.000000;2000.000000;-26.027699;-284.635071;2112.183838;-51.209064;-382.848694;2211.085449;-67.442947;-570.010437;2316.873047;-34.179024;-534.765564;2312.333496;96.346497;-479.697021;2303.176025;193.145874;-271.480774;2152.886719;45.879688;-442.036530;2200.587891;-48.457817;-451.455078;2213.080078;-77.217499;-422.869080;2113.730713;-79.625809;-443.301514;2143.894043;-96.012344;-542.388611;2288.149658;-191.317505;-526.535400;2200.275391;-192.079895;-321.265808;2010.403442;19.171204;-388.438843;2082.959961;44.845592;-467.402588;2143.843750;-5.674244;-383.509338;2104.669922;-92.909317;-430.123749;2164.733643;84.672043;-140.759277;2030.734741;310.391296;-98.177383;1706.244995;293.481232;278.142761;1755.812378;348.951599;409.831909;1636.679932;-76.352509;-158.332748;1972.285156;-107.179611;51.123077;1636.288330;-330.167816;342.844788;1748.483032;-400.802582;431.161682;1619.994385;-68.539551;-645.883789;2345.555664;38.597385;-688.200317;2235.122070;51.751774;-697.957764;2288.238770;20.789555;-646.584595;2398.924805;17.709869;-726.859375;2261.749268;-90.461487;-747.419434;2331.073242
0.000000;-150.000015;2000.000000;-21.850163;-283.692444;2112.825195;-43.671162;-380.453522;2212.952637;-61.043991;-566.149841;2318.981445;-27.688377;-531.347534;2314.268555;102.398804;-476.747437;2307.104248;196.854340;-267.796326;2158.820313;51.173374;-438.550476;2205.193848;-41.978348;-449.549255;2221.200684;-72.960617;-420.603516;2123.202637;-73.966560;-439.991272;2149.415283;-89.314758;-538.562988;2290.340820;-182.977539;-524.323120;2201.385010;-186.323441;-321.901001;2010.511108;23.053173;-385.268738;2088.065918;22.751987;-450.115753;2167.386719;-5.593588;-373.137329;2101.916504;-92.391479;-418.468323;2169.657715;85.212509;-140.538467;2027.713989;311.587341;-94.374603;1706.582520;296.669922;280.260803;1755.226929;354.265015;412.949219;1639.694214;-76.839874;-158.531921;1975.009155;-108.289719;53.320984;1642.902832;-327.545197;345.529907;1754.727051;-398.919922;434.158691;1627.994995;-62.654400;-641.526001;2347.822510;41.674335;-691.484375;2239.038818;55.907879;-697.305298;2292.168945;27.347797;-638.301941;2398.922852;21.539005;-727.928101;2268.708496;-84.561539;-743.354370;2341.288330
0.000000;-150.000000;2000.000000;-21.692684;-285.362305;2110.403809;-44.415009;-381.563843;2210.557129;-58.804344;-566.080750;2318.391602;-25.937241;-531.008667;2313.071045;103.360992;-475.943085;2301.156250;195.927139;-267.474518;2151.799072;50.624027;-437.928528;2198.672363;-41.629826;-449.672729;2218.093018;-72.274384;-420.533630;2120.229736;-74.561539;-439.941772;2144.065674;-87.569595;-539.145752;2289.753662;-181.308945;-525.361450;2201.107178;-181.906433;-324.450775;2009.250244;26.103424;-387.275787;2089.771973;24.550644;-452.865662;2168.254150;-2.475193;-375.478577;2102.973145;-92.585312;-418.051788;2166.993164;84.758499;-140.298370;2028.548462;301.424194;-94.924530;1701.431763;294.832886;279.159180;1751.504761;354.685516;413.822449;1639.940552;-76.430466;-158.748383;1974.256470;-109.615982;50.034241;1641.118286;-328.307281;343.148682;1749.566772;-399.587433;437.908264;1627.670654;-59.326229;-641.058899;2347.944824;44.169422;-688.912109;2237.793457;57.440624;-698.291016;2290.571289;29.915028;-644.395752;2400.031494;22.238598;-726.067505;2265.072266;-85.165901;-741.218872;2335.392334
0.000000;-150.000000;2000.000000;-21.327793;-284.925507;2112.576660;-42.980244;-379.962341;2215.168213;-53.411514;-567.934937;2319.852051;-20.585842;-532.518494;2314.087891;108.782715;-476.022675;2300.325684;188.753845;-265.785370;2143.540527;51.815777;-439.788879;2206.215820;-41.349392;-450.628845;2224.403320;-70.841347;-421.661743;2125.483154;-72.141968;-440.529114;2147.354248;-83.384781;-540.235596;2292.754639;-180.902908;-527.165894;2207.049805;-186.078735;-323.164124;2016.250000;26.834949;-387.587860;2085.705322;29.256565;-451.797424;2166.040039;-2.153419;-374.452209;2101.726563;-90.674149;-418.727936;2167.497559;86.761978;-143.112656;2024.691772;298.059174;-96.033707;1691.658203;293.421478;278.497040;1753.364136;359.361755;412.520233;1642.731934;-78.237099;-156.210602;1977.734253;-120.267883;41.435120;1636.260498;-331.022858;341.445526;1749.071533;-400.174957;436.283173;1624.692749;-52.826248;-643.988098;2347.860840;51.369267;-701.623169;2241.838867;65.291000;-705.109009;2295.487305;37.351398;-640.058105;2399.452637;30.263912;-736.274475;2273.287109;-76.898613;-745.959045;2346.237793
0.000000;-150.000000;2000.000000;-18.148483;-288.040527;2109.214355;-37.585915;-385.504028;2209.889160;-43.410019;-570.445923;2320.037598;-11.304115;-534.654236;2312.850098;117.512970;-478.562195;2293.777588;193.229340;-267.620758;2135.989502;59.497719;-444.920532;2196.011230;-34.296944;-455.374573;2210.680664;-65.682877;-423.292053;2113.356445;-66.723373;-442.335815;2140.517090;-74.182938;-544.084167;2292.534912;-184.747849;-548.700317;2223.480225;-171.537827;-348.274536;2029.442017;32.911694;-443.696838;2087.453125;53.989693;-444.490601;2188.102783;9.891739;-387.984802;2110.901367;-89.767120;-419.973236;2163.861816;86.733513;-142.114151;2024.380127;282.618103;-102.598022;1681.252930;294.125305;270.908966;1747.328369;365.224976;406.172272;1641.614868;-78.211418;-157.111008;1978.015381;-122.853333;22.500366;1627.193359;-327.097168;326.908478;1739.762207;-393.638794;434.301483;1624.585693;-41.133736;-645.605469;2350.209961;57.361694;-694.408081;2234.801758;72.441643;-705.108276;2287.148193;50.372253;-652.180542;2399.050049;35.389618;-731.660034;2262.421875;-70.206116;-745.360107;2336.919434
0.000000;-150.000015;2000.000000;-18.134653;-286.789215;2110.780273;-38.037212;-382.434082;2213.095215;-40.414124;-569.808716;2319.186523;-8.872069;-533.413391;2312.554688;120.723610;-478.544495;2295.282227;198.451462;-266.939972;2139.370361;70.035873;-447.816101;2200.324219;-23.185846;-459.475708;2217.520508;-59.438530;-424.764221;2122.825195;-57.476547;-441.232056;2147.008301;-71.763954;-543.293030;2292.495117;-185.838074;-550.502075;2229.648926;-168.775116;-352.426697;2033.508545;46.951683;-431.750671;2071.457520;70.466736;-449.567078;2169.971191;16.814013;-381.438538;2110.158691;-71.726616;-420.070068;2158.816162;86.427673;-141.119553;2025.113525;278.402069;-97.877548;1680.229492;298.673889;274.803711;1748.815430;371.482452;409.344299;1643.342407;-77.935631;-158.007919;1977.353882;-126.191406;16.267456;1624.325195;-321.497925;323.529846;1744.729736;-391.165436;435.686890;1636.129517;-36.848232;-645.571167;2347.679932;69.579254;-701.092041;2242.833252;82.439270;-705.443237;2296.664063;52.244186;-642.259399;2401.098633;47.970528;-736.317810;2273.256348;-60.552467;-747.533813;2343.861328
0.000000;-150.000015;2000.000000;-15.968742;-287.524231;2110.405762;-33.346310;-384.461853;2212.103271;-36.358028;-569.768799;2322.053711;-4.572886;-533.727295;2314.463867;125.334137;-479.523987;2296.602539;192.674301;-272.449463;2129.809082;71.834625;-454.404846;2202.528809;-21.719477;-462.734741;2220.229004;-58.289112;-425.197632;2126.652832;-56.177872;-448.253082;2152.965088;-67.721924;-543.542603;2295.030518;-180.474106;-549.696777;2229.547363;-156.589935;-349.741211;2035.755127;42.158157;-454.635193;2097.762207;72.850098;-436.981567;2194.389648;27.339153;-384.188904;2115.299316;-79.109833;-419.248413;2163.802979;87.339218;-142.163223;2022.394165;275.961731;-97.844711;1675.474854;294.654846;273.750305;1751.507568;367.126526;408.643982;1646.018555;-78.757614;-157.066788;1979.806152;-131.307449;16.490875;1626.716797;-320.988434;325.931335;1751.340454;-393.016754;435.002747;1640.958862;-33.147926;-645.019897;2352.069336;70.822266;-694.549805;2241.726074;85.154037;-701.485413;2294.951904;57.387741;-643.741272;2403.247070;50.221840;-731.421021;2270.937012;-56.382465;-746.903687;2343.793945
0.000000;-150.000000;2000.000000;-11.682598;-285.751770;2111.693848;-25.458660;-381.270630;2214.285645;-29.132038;-566.395203;2322.374023;2.882076;-530.962036;2314.463867;134.812805;-483.237122;2298.778076;195.877991;-279.186188;2128.165527;80.435928;-458.568176;2211.579590;-14.527579;-460.475159;2216.167969;-53.151985;-422.394043;2124.272949;-44.840630;-447.174957;2158.010986;-60.454121;-539.630615;2296.295654;-172.328430;-544.157043;2230.489502;-151.336884;-347.489349;2035.040894;40.361847;-457.586182;2105.251953;77.954407;-432.872131;2197.227539;29.517399;-382.624878;2118.930664;-77.070679;-411.715240;2167.806152;87.275978;-140.888077;2020.203125;270.720764;-94.866104;1673.028564;301.206543;273.717194;1750.314209;371.337250;409.243011;1645.712769;-78.700577;-158.216599;1981.781982;-131.590622;23.276917;1635.044800;-323.831268;330.211090;1755.918091;-392.416229;432.218170;1638.173828;-26.498560;-641.528687;2351.624268;74.108055;-690.417419;2239.063477;89.436455;-698.075867;2291.615723;64.658455;-641.668457;2400.599365;53.904251;-727.261230;2268.129883;-50.717075;-742.580566;2342.703125
0.000000;-150.000000;2000.000000;-10.593594;-283.277863;2115.302246;-23.373747;-375.361298;2221.502930;-29.167030;-564.718079;2322.841797;3.474148;-529.534058;2315.814941;136.226227;-484.348999;2297.170898;191.363190;-278.819336;2125.409912;74.095680;-456.769531;2210.633789;-20.666790;-457.310944;2220.643311;-54.666809;-419.849976;2126.437500;-52.795734;-444.280273;2160.358398;-60.374985;-536.360229;2298.157715;-169.639450;-533.143860;2227.532227;-149.981766;-335.628845;2031.976074;39.373066;-452.392639;2099.312988;77.983269;-432.678253;2192.306152;28.713387;-377.980652;2117.287598;-76.726440;-408.467957;2167.384277;87.972504;-141.330872;2018.103394;260.855774;-90.899292;1665.230957;300.074127;276.255737;1748.953735;371.449615;413.758728;1647.130371;-79.328674;-157.817352;1983.675537;-152.410385;19.547821;1637.534180;-327.740021;338.463501;1755.578857;-392.830170;443.532166;1638.031128;-27.574474;-641.093750;2349.277588;75.010872;-684.098999;2235.640625;88.816406;-696.004944;2287.944824;62.436012;-647.085693;2400.414551;53.182678;-722.557190;2261.445313;-53.887962;-740.797302;2332.257324
0.000000;-150.000015;2000.000000;-7.570845;-282.743408;2114.982422;-17.527580;-374.889832;2220.614746;-23.609249;-562.394409;2323.392578;9.088611;-527.704102;2315.663574;141.946732;-484.177612;2298.552979;192.984283;-279.676514;2126.188721;69.823906;-453.929749;2207.986816;-23.500368;-456.551514;2224.875977;-51.573818;-418.950928;2129.310059;-56.668751;-442.101166;2158.265381;-54.746853;-534.138245;2298.924072;-162.943329;-529.170715;2227.798828;-147.578537;-321.808075;2044.138306;46.171593;-434.734375;2101.257813;81.799210;-432.662415;2196.977051;29.569675;-378.530640;2124.223633;-73.133575;-407.504303;2172.461914;87.956169;-141.141632;2016.018066;253.483368;-87.917633;1661.961792;302.093536;274.627014;1753.087524;367.501221;415.686523;1653.613403;-79.313957;-157.988007;1985.555786;-153.982437;23.885925;1644.088867;-329.432312;340.585388;1762.536377;-392.721497;441.804871;1641.746948;-22.326530;-638.193115;2350.425781;86.691299;-692.705994;2249.379639;96.820839;-699.192871;2303.200684;63.639797;-639.169922;2407.594238;62.918209;-728.091675;2277.331055;-48.318810;-738.598755;2341.992676
0.000000;-149.999985;2000.000000;-5.726912;-280.543213;2117.458984;-13.517127;-370.809875;2224.797363;-14.733192;-562.131836;2320.248291;17.414139;-526.902039;2312.792480;149.668640;-482.075287;2294.909180;194.955872;-278.448181;2120.116943;59.472755;-445.922516;2196.094482;-32.511631;-450.202332;2218.763428;-66.200081;-416.810944;2123.502930;-69.532707;-440.243347;2153.241455;-46.874893;-533.227539;2297.978027;-156.537384;-525.547913;2229.496094;-144.054901;-319.411926;2044.432617;57.111801;-421.401611;2095.767822;85.259499;-430.150391;2193.529785;32.081871;-375.621674;2121.836182;-65.967155;-404.877991;2169.093262;88.513901;-142.204041;2012.980103;245.269684;-79.951996;1656.612061;302.891571;280.672913;1749.376221;373.576477;418.508484;1649.151611;-79.816879;-157.029938;1988.295288;-156.733093;27.061127;1648.728271;-329.016296;346.071533;1765.044556;-386.843842;443.452576;1638.602661;-11.980231;-638.876587;2344.219971;90.304886;-702.132629;2241.358398;102.653038;-706.381836;2294.913086;76.388557;-640.247803;2397.499512;66.641533;-735.218140;2272.044434;-41.764381;-738.505493;2341.953613
0.000000;-150.000000;2000.000000;-4.948897;-278.151367;2120.925781;-11.236303;-370.384705;2227.279785;-11.736956;-560.322449;2326.955078;20.478397;-525.180847;2318.442383;151.917297;-479.188293;2294.840820;187.886917;-277.760895;2114.067871;57.972008;-447.226440;2197.232910;-37.121212;-445.186707;2195.103271;-94.166435;-419.319580;2108.649170;-71.597916;-443.275330;2159.682129;-44.165707;-531.746826;2304.336670;-153.511932;-522.614075;2234.745117;-140.477600;-317.919525;2046.800293;61.613762;-422.004822;2093.449707;90.122337;-428.708984;2191.612305;36.844311;-370.706482;2122.265137;-60.037842;-401.882233;2169.916260;88.817970;-141.607117;2012.529175;234.255753;-67.936523;1652.153931;303.318329;289.790741;1752.922607;378.688324;422.753510;1648.519287;-80.091064;-157.568237;1988.701782;-167.437210;31.148407;1652.740601;-334.074341;353.965302;1770.792969;-387.753967;445.289703;1637.454468;-8.825841;-636.809998;2352.547119;90.155891;-694.452515;2242.611816;105.140358;-700.212646;2295.531738;82.248810;-637.936401;2401.766602;68.598099;-729.181091;2273.306641;-36.650097;-737.285156;2348.237793
0.000000;-149.999985;2000.000000;-2.792470;-276.270599;2122.039551;-6.099485;-370.974609;2225.646484;-5.105649;-558.999023;2327.258301;26.993196;-524.344971;2317.407715;159.890289;-484.555206;2293.754395;193.927200;-281.835205;2115.560791;62.075268;-448.880951;2198.290039;-32.487194;-446.241302;2204.370117;-91.756073;-417.433350;2120.868652;-68.611595;-444.018738;2166.882813;-37.850075;-530.546814;2305.330078;-148.628647;-522.673584;2238.793945;-135.545242;-318.869019;2051.374512;68.419754;-419.204834;2093.713379;96.471382;-429.409119;2191.317871;42.956642;-370.332764;2123.653809;-52.844429;-401.863007;2170.855957;89.066582;-143.325790;2008.943604;234.769623;-64.112778;1651.431396;309.194702;291.308838;1751.413208;382.819427;423.257751;1645.672729;-80.315262;-156.018402;1991.935181;-179.663147;26.176300;1657.390869;-326.251221;357.249268;1774.706665;-381.617889;445.933105;1641.062134;-2.031869;-634.915955;2353.599609;97.198334;-687.219849;2242.059082;112.623123;-693.891235;2294.534668;89.046974;-635.038940;2402.030762;76.770302;-723.077393;2271.909180;-27.358057;-735.535706;2346.999023
0.000000;-150.000000;2000.000000;0.648220;-277.743896;2122.434082;-0.119757;-371.467957;2228.384766;4.720031;-561.984314;2328.611328;36.502575;-526.613708;2318.510010;169.833664;-486.396332;2291.916992;201.772446;-286.646545;2106.988770;64.908867;-449.787842;2193.992676;-29.043102;-448.580658;2211.096191;-83.566925;-417.803253;2124.119141;-68.328621;-446.553711;2168.184082;-28.959808;-533.441406;2307.420898;-140.680099;-525.041260;2240.632324;-126.530167;-321.543121;2049.907715;82.282555;-415.529053;2092.668945;107.212616;-433.001434;2190.890137;53.514187;-372.252594;2123.640137;-41.716690;-404.035095;2169.572754;89.888367;-142.898651;2006.933472;227.629303;-65.256454;1642.720337;312.579865;288.068329;1751.971558;391.288361;422.293488;1650.425293;-81.056290;-156.403610;1993.747925;-194.190689;12.624756;1653.244019;-327.159454;354.061920;1766.275757;-372.780548;449.725189;1632.145752;9.104815;-638.716431;2354.239258;107.017433;-687.008789;2238.134033;121.778076;-698.969971;2290.295410;100.356178;-647.820068;2403.138428;84.333168;-724.391785;2264.985840;-21.664127;-737.670776;2338.975586
0.000000;-149.999985;2000.000000;3.203831;-276.245300;2124.133301;5.238947;-372.749146;2227.689941;12.140979;-562.617432;2329.371094;43.798302;-527.450989;2318.056641;175.904694;-485.337280;2287.938477;201.405365;-284.056732;2103.357910;62.035233;-445.723022;2189.601074;-31.392294;-441.934723;2209.398926;-78.390289;-407.715027;2119.270996;-71.051224;-440.494141;2165.674072;-22.037985;-534.067627;2308.914795;-136.977112;-523.264099;2247.995605;-134.741241;-320.192261;2055.994141;77.493561;-411.351379;2087.530518;108.029755;-428.717896;2184.259277;50.959190;-365.786346;2121.840332;-42.177734;-401.149628;2171.241699;90.166069;-143.477478;2004.306396;223.267990;-62.326889;1638.802490;312.482849;289.309753;1751.073608;391.961273;423.062195;1649.242065;-81.306709;-155.881622;1996.116821;-201.104034;13.013702;1657.475586;-325.291138;358.307556;1769.780151;-373.436737;449.584717;1633.328247;16.929979;-639.218750;2355.509766;105.668137;-694.759277;2235.179688;124.015175;-704.392517;2286.726563;111.421600;-647.389648;2398.194824;84.495888;-730.437927;2265.443359;-16.124632;-738.370056;2347.448730
0.000000;-150.000000;2000.000000;7.087323;-276.460663;2124.751953;12.288063;-372.866577;2229.052734;23.416216;-562.251343;2333.043457;54.630680;-526.897705;2320.338867;187.351685;-487.677490;2286.587891;205.751617;-286.347046;2099.618652;65.479469;-447.321075;2188.098633;-27.635761;-444.272705;2211.068604;-74.492783;-408.154663;2121.102783;-69.171638;-443.173401;2172.333496;-11.668446;-534.025024;2313.216064;-127.022606;-524.842285;2251.710693;-143.249817;-320.453217;2060.168945;72.171463;-410.395508;2076.981934;114.335503;-429.955505;2169.252930;51.684849;-360.545532;2119.667480;-37.449154;-401.960297;2173.969727;90.566872;-142.960175;2001.990967;217.576019;-59.548264;1633.132813;317.059204;288.374847;1753.162720;399.859100;421.338654;1651.600708;-81.668137;-156.348114;1998.204590;-201.329437;4.683197;1653.889404;-319.894867;351.464996;1772.689575;-361.996216;451.179779;1639.329712;29.471737;-638.818604;2360.002441;123.122314;-696.295532;2243.528809;136.521393;-709.848999;2295.947266;119.651375;-656.950684;2409.418457;96.698151;-731.550232;2270.303711;-10.870581;-734.731750;2344.229980
0.000000;-149.999985;2000.000000;10.380772;-276.808228;2124.455078;18.359268;-374.194550;2227.885254;34.676983;-561.589600;2335.250000;65.192657;-526.287720;2320.635010;198.648499;-490.140259;2285.691406;207.363464;-290.445190;2095.829590;65.954559;-446.060150;2192.401123;-28.269909;-427.426697;2190.743164;-51.651279;-389.961609;2092.407715;-61.647541;-440.676697;2174.124512;-1.359819;-533.932129;2316.206055;-119.686707;-528.468811;2259.800293;-145.567413;-332.514832;2060.208984;73.902496;-414.039673;2069.656738;120.601898;-429.311890;2160.675537;57.497013;-356.005585;2117.421875;-29.665329;-400.385010;2172.879883;90.667114;-142.648788;1999.927612;203.446487;-55.157272;1626.924072;310.247864;286.664001;1758.967163;397.159271;417.109985;1657.186890;-81.758530;-156.628906;2000.065186;-200.379211;-2.905792;1651.553101;-314.776245;345.353027;1771.528564;-354.192566;451.529968;1642.145386;42.252205;-637.648560;2363.510742;123.574890;-682.038696;2232.688965;141.727203;-701.511169;2281.773682;136.556351;-661.664673;2401.690918;99.267166;-720.024048;2257.794434;-0.907507;-731.095459;2341.024902
0.000000;-150.000000;2000.000000;13.267677;-277.555603;2123.399414;23.659924;-375.017517;2226.533447;43.912060;-562.948975;2332.255615;73.841438;-527.457642;2316.913574;206.531509;-490.248535;2280.240967;200.935684;-291.433167;2089.361572;61.118698;-445.744629;2190.218750;-32.933052;-428.845184;2200.013184;-48.729065;-391.611298;2100.097656;-67.615273;-443.500183;2176.737793;7.213982;-535.314575;2314.490479;-113.846107;-530.409790;2264.178223;-141.765442;-335.142792;2064.208984;79.579559;-411.878784;2068.072754;123.545227;-430.312592;2159.858398;58.769508;-357.499023;2118.288330;-24.876261;-401.908203;2171.954590;90.659973;-143.095352;1997.389648;194.383118;-52.839111;1622.443726;307.660095;285.479126;1758.008179;396.037415;417.359070;1659.405396;-81.752075;-156.226257;2002.353882;-204.290222;-12.224792;1651.079102;-312.601105;337.289429;1772.972900;-358.730774;446.062866;1648.054688;52.612110;-639.135498;2359.828125;122.505402;-689.434631;2224.623291;142.147263;-710.084839;2272.638184;147.084961;-669.794434;2392.409912;97.105042;-725.539795;2251.362793;1.606325;-729.275024;2340.520508
0.000000;-149.999985;2000.000000;14.462944;-276.911591;2122.760742;26.321844;-371.127075;2227.843262;50.500397;-558.372925;2331.927734;79.700340;-523.097046;2315.434570;210.056503;-484.998077;2274.119141;199.866333;-286.252930;2085.175781;60.278553;-439.032745;2186.270020;-31.648870;-425.505157;2208.847168;-48.189545;-387.354218;2109.931641;-70.193306;-434.794617;2173.528809;13.314939;-530.756226;2315.849121;-107.982628;-524.706238;2267.841064;-145.983780;-333.845581;2067.073730;76.204155;-404.740479;2064.973633;125.905716;-424.757202;2152.889648;58.674797;-351.390564;2117.945557;-22.630163;-396.758057;2173.000000;90.195580;-146.739532;1992.744385;192.449814;-47.193390;1621.699829;311.509186;289.675903;1750.883911;402.098602;423.660461;1658.962280;-81.333313;-152.940079;2006.542725;-207.317169;-11.998108;1657.310791;-306.527283;338.705933;1777.982056;-351.825562;451.773376;1657.735474;60.139572;-634.264893;2358.899414;136.618057;-694.171265;2232.312744;152.868759;-711.852478;2282.438721;151.452011;-664.083618;2398.902344;109.079346;-727.877991;2259.607910;8.830286;-724.241455;2342.461182
0.000000;-150.000000;2000.000000;16.256506;-272.199768;2128.097412;29.358374;-368.305664;2231.982422;58.822376;-557.910645;2331.916992;87.234932;-521.968872;2314.988281;215.233032;-482.320496;2266.646240;200.715698;-283.824280;2076.332031;64.262451;-435.812988;2184.490479;-26.993469;-421.515320;2210.479248;-41.262383;-384.667236;2110.315918;-65.078796;-437.662720;2178.002197;20.736467;-530.210815;2317.669189;-101.398460;-522.990601;2270.711914;-149.014648;-332.758575;2070.033447;72.721970;-406.790894;2058.569824;129.757767;-423.105530;2143.158447;62.287476;-346.690155;2114.694824;-19.143757;-394.491028;2172.129639;90.370689;-147.529388;1990.888184;184.922333;-40.822845;1618.301147;320.393250;293.362000;1742.094116;409.527771;431.950806;1654.352051;-81.491226;-152.227875;2008.216553;-211.048584;-18.442535;1655.907959;-300.429443;337.472778;1773.237427;-350.920013;455.445068;1659.070679;70.048706;-634.475952;2357.171875;138.293915;-691.287231;2223.922119;160.019028;-707.697876;2272.601563;166.441071;-658.973755;2388.977783;115.158768;-726.363403;2253.796387;22.392624;-727.600525;2345.662598
0.000000;-150.000015;2000.000000;17.583286;-271.739746;2127.479004;31.783310;-366.995331;2231.309570;62.408302;-554.937805;2332.359131;90.507225;-519.355835;2314.666748;217.272400;-482.263611;2262.681152;201.164032;-283.139648;2074.583984;69.044907;-437.154968;2183.493408;-20.538158;-425.882202;2214.951660;-40.238579;-388.261414;2116.422363;-60.683434;-440.206848;2179.092773;24.283506;-527.412292;2318.488281;-98.448402;-521.493286;2274.291016;-155.789917;-332.875916;2076.044922;57.627167;-420.523315;2110.100342;126.230461;-412.383911;2186.426758;53.759647;-357.595581;2132.872314;-40.987411;-379.536102;2196.166992;89.969475;-147.199158;1990.265137;176.827515;-37.451263;1618.211792;316.371857;295.076477;1737.680054;406.923950;434.582214;1654.370605;-81.129433;-152.525665;2008.778320;-215.358063;-21.959778;1658.624390;-303.603058;334.029419;1772.012695;-347.855072;456.150391;1660.573608;73.863670;-630.986450;2358.131836;131.433975;-676.661377;2216.508789;156.236374;-697.259399;2261.778809;171.559662;-658.802856;2380.653320;110.054375;-713.824097;2244.809814;24.351086;-722.067932;2342.338623
0.000000;-150.000000;2000.000000;20.497808;-277.844330;2121.661133;37.557114;-373.631897;2225.141357;68.889954;-559.821655;2330.483887;96.973221;-524.736206;2311.432373;224.129623;-489.038391;2258.294922;206.290619;-288.642303;2070.524902;81.751030;-445.898560;2185.026855;-9.338215;-432.744324;2211.961914;-36.088844;-394.618500;2114.955811;-49.187767;-443.893982;2178.655273;30.582586;-532.332764;2316.532715;-94.428406;-529.013306;2277.629883;-143.949249;-339.585327;2076.901611;37.766273;-442.879272;2181.875000;124.981873;-390.178375;2198.516602;55.619057;-365.114410;2122.700684;-35.387718;-328.552673;2201.610352;89.914719;-147.394501;1987.588745;165.379532;-31.681992;1613.609497;324.548096;290.900787;1739.217041;413.772125;430.655426;1653.695801;-81.080055;-152.349457;2011.191772;-221.540863;-39.457748;1656.045166;-297.715881;320.108002;1770.726440;-344.935364;449.386017;1668.155518;80.381775;-635.518921;2357.970703;137.953186;-689.764648;2218.863770;166.209427;-703.149536;2265.009766;181.348038;-651.278320;2379.108887;121.296097;-725.850830;2251.650879;39.743668;-732.412231;2353.291992
0.000000;-150.000000;2000.000000;22.631077;-278.278503;2120.786133;41.635593;-374.310791;2223.671387;78.637756;-559.448425;2328.966797;105.652122;-524.265808;2308.610840;230.940521;-486.929321;2252.310547;203.601273;-287.802917;2064.389648;87.931213;-449.685669;2181.648682;-0.568859;-436.902374;2216.253418;-32.278606;-394.127014;2122.760742;-43.634258;-443.797363;2179.386719;39.586227;-532.390625;2316.321777;-87.674850;-528.938965;2285.661377;-147.780823;-345.913055;2081.961426;30.580704;-447.662598;2193.891357;127.972046;-414.650909;2184.778809;87.344917;-359.989258;2103.872559;52.099514;-385.230896;2090.724609;89.554947;-148.156036;1985.178955;155.567642;-21.706436;1612.952271;326.242432;295.504700;1736.958862;417.379211;433.430115;1650.547119;-80.755630;-151.662781;2013.364746;-226.882385;-43.874542;1658.982666;-295.586548;319.072449;1767.376831;-340.992859;451.888672;1668.619019;91.844223;-634.837402;2356.496582;134.699127;-693.098206;2213.773926;167.239075;-705.783325;2257.206543;194.211090;-651.476074;2367.918457;120.974304;-728.170898;2248.923096;49.855900;-731.234558;2358.251465
0.000000;-150.000000;2000.000000;25.012390;-277.091553;2121.154785;45.700653;-374.184509;2222.394531;82.719513;-559.393921;2326.848389;109.665291;-524.491760;2306.108643;234.180817;-489.554565;2247.187500;198.493988;-290.582153;2061.153809;89.302124;-452.224731;2184.094238;-0.836910;-437.409424;2212.718750;-31.105064;-394.112701;2119.185547;-42.056160;-442.693695;2178.549072;43.768562;-532.036194;2314.859619;-83.165428;-529.620605;2283.639648;-150.616730;-345.975433;2083.440918;27.454918;-448.303528;2194.523926;125.871460;-420.350403;2182.003418;98.609940;-354.658417;2103.964600;54.539146;-386.141846;2094.234375;89.159271;-147.918610;1983.776489;153.730316;-19.940598;1612.500000;326.223694;297.256897;1732.083740;419.795441;434.257385;1647.462524;-80.398842;-151.876892;2014.629517;-228.522247;-47.086853;1660.889893;-294.455109;315.040405;1771.546997;-340.749329;446.915039;1672.415283;95.690674;-634.788147;2354.091309;131.098999;-687.121399;2207.372070;165.628571;-701.663818;2248.511719;198.251190;-652.146362;2359.718750;118.977020;-723.523682;2241.626953;53.439392;-730.903320;2353.948486
0.000000;-150.000000;2000.000000;26.308838;-279.819183;2119.575684;48.301533;-377.474670;2221.220215;88.584549;-565.343750;2322.409912;115.088539;-529.807190;2301.474609;237.469452;-488.602875;2240.073486;191.315338;-287.380219;2056.279785;96.521027;-458.958313;2180.355469;4.607300;-450.313263;2207.811035;-28.616310;-398.278259;2119.099121;-37.781296;-445.724609;2179.391357;49.037388;-537.763062;2311.717285;-79.534203;-530.574463;2284.869629;-151.409882;-346.757721;2083.960938;27.276890;-456.125946;2190.265137;124.775093;-422.160797;2180.509766;108.780106;-375.365784;2086.486816;90.476357;-390.553467;2095.003418;89.591278;-147.382233;1983.130371;148.853577;-21.866776;1607.527832;328.016174;293.735901;1728.955566;423.967133;427.943237;1640.106079;-80.788383;-152.360580;2015.212158;-233.724030;-52.992279;1659.213501;-290.398285;311.846313;1774.223022;-338.929016;441.139221;1671.020996;102.509010;-641.582825;2348.286377;141.270920;-698.682007;2203.130371;174.988312;-712.225769;2245.722168;205.462158;-659.268921;2356.832764;128.123108;-734.233643;2238.361816;59.577965;-738.086670;2349.991943
0.000000;-150.000000;2000.000000;30.111479;-277.219269;2121.250488;55.305084;-374.285614;2222.557861;95.565414;-563.377930;2321.073730;121.947403;-528.278931;2299.352051;244.528137;-489.677734;2236.929688;188.651230;-292.167725;2052.138672;91.788879;-458.191956;2181.708496;0.419548;-447.345093;2209.921875;-24.925617;-395.890198;2118.419189;-41.920422;-443.335083;2183.826660;56.236641;-534.972778;2312.043945;-72.725128;-526.749573;2288.022949;-155.858795;-346.336670;2088.690186;29.417038;-452.199646;2186.514648;123.562897;-411.672546;2171.289307;113.236252;-370.179321;2074.131104;92.922165;-387.089966;2090.549805;88.361343;-150.334305;1977.705444;137.944565;-13.297638;1605.076538;327.612732;295.783630;1726.369995;425.031738;429.193909;1638.232910;-79.679306;-149.698532;2020.104004;-247.407745;-58.952942;1668.852173;-290.010925;310.875854;1772.396729;-334.578247;441.620239;1669.463745;108.910133;-639.973633;2345.980713;142.742096;-694.410400;2198.724854;179.722153;-705.614929;2239.176514;213.060638;-650.685547;2348.375977;134.123306;-730.708618;2234.529297;72.759384;-739.064697;2349.907227
0.000000;-150.000000;2000.000000;30.230825;-277.112183;2121.251465;55.447178;-374.419037;2222.259521;96.560699;-564.072937;2319.182373;122.768555;-528.712463;2297.709473;244.502350;-489.023987;2234.419434;187.834076;-292.054871;2049.420898;92.753601;-458.424957;2179.735596;0.552021;-446.504211;2204.494629;-27.416653;-407.142639;2107.934082;-41.634853;-443.429932;2182.078613;57.122707;-535.757080;2310.436523;-71.700195;-527.842163;2285.798828;-155.944122;-346.537048;2087.870117;30.806053;-451.980164;2183.135742;124.002731;-409.400116;2167.893066;113.631271;-369.198364;2070.234131;96.010971;-389.685120;2088.178711;88.312546;-150.337158;1977.628174;136.307724;-13.530090;1604.840576;326.924896;295.311157;1724.875854;426.592621;426.263977;1635.697388;-79.635300;-149.695953;2020.173584;-250.059769;-60.093521;1670.069336;-289.694519;309.924927;1773.666870;-332.528534;440.411072;1669.764648;110.230347;-640.788391;2343.453125;143.752945;-694.193665;2195.803711;179.456421;-707.923950;2236.598145;213.642990;-656.671265;2347.267578;132.776657;-730.639526;2230.780029;69.207001;-737.995239;2344.979492
0.000000;-150.000000;2000.000000;30.711533;-277.026581;2121.241943;56.243187;-374.579132;2221.949707;98.519974;-564.675171;2317.535889;124.494659;-529.097107;2296.130371;244.979126;-488.267212;2231.171387;182.572693;-291.098846;2048.209473;45.760216;-445.748535;2153.450684;-42.453693;-415.084290;2176.597168;-35.316380;-369.020782;2079.208252;-76.430801;-434.321625;2173.949219;58.937141;-536.440125;2309.168945;-69.984070;-528.476746;2285.008789;-155.397842;-346.599762;2088.076172;33.724697;-450.322601;2180.556396;125.623062;-405.124359;2164.917969;115.501312;-365.807953;2066.863770;100.435440;-386.956818;2087.681641;88.260269;-150.239731;1977.391846;132.716873;-13.640472;1604.054932;324.088898;295.848785;1721.286133;422.674194;427.310211;1631.622314;-79.588165;-149.783813;2020.386841;-253.558411;-61.119324;1671.753906;-291.155060;309.377472;1774.514526;-333.737915;438.809296;1669.177246;112.579483;-641.491516;2341.281250;149.864822;-698.663940;2195.948730;185.583679;-709.583496;2237.576904;216.478943;-653.234253;2346.737793;139.873367;-734.272278;2232.070557;75.277847;-740.104065;2345.793457
0.000000;-150.000000;2000.000000;32.212887;-275.844238;2122.489258;58.504906;-374.211334;2222.522461;102.419998;-563.681885;2319.374756;128.135315;-527.985718;2297.678955;247.182312;-486.529266;2230.030273;173.322174;-290.439331;2049.538574;-10.734543;-424.770325;2093.771240;-50.709496;-423.562073;2181.448486;-4.578663;-368.376617;2100.699219;-86.909096;-427.404602;2192.814697;62.550625;-535.756104;2310.875488;-66.380119;-527.222290;2285.856934;-155.934753;-344.706696;2090.733398;36.175591;-448.105713;2178.215820;128.689514;-403.932007;2162.208496;117.546387;-362.782867;2064.839355;111.885864;-386.817474;2093.432617;88.328156;-149.694580;1977.084717;124.026085;-8.734070;1603.757568;322.857880;296.529114;1721.605469;422.137848;429.930115;1635.013306;-79.649376;-150.275391;2020.663574;-260.877655;-68.546692;1673.318237;-289.017914;304.281555;1772.896484;-333.941467;438.318176;1674.049072;117.116623;-640.360718;2343.612793;162.253983;-695.369141;2199.398438;195.120911;-707.978027;2242.970703;220.364990;-654.559326;2355.243652;149.262482;-731.553589;2234.080566;77.479477;-738.340332;2343.599121
0.000000;-150.000015;2000.000000;32.223877;-275.849762;2122.490479;58.523567;-374.226501;2222.520020;102.453644;-563.712341;2319.353516;128.166687;-528.014160;2297.654297;247.173599;-486.531738;2229.939941;173.122833;-290.487244;2049.461182;-11.067734;-424.679901;2093.601563;-51.065308;-423.469421;2181.272217;-4.864643;-368.293304;2100.551270;-87.266724;-427.290344;2192.634277;62.581997;-535.783630;2310.864258;-66.358688;-527.244324;2285.872803;-155.952896;-344.729126;2090.751953;36.173241;-448.136536;2178.213379;128.662720;-403.919983;2162.158203;117.522682;-362.821167;2064.763184;111.782562;-386.930939;2093.302979;88.329880;-149.693329;1977.078003;123.955132;-8.717224;1603.733765;322.800903;296.568787;1721.545166;422.065491;430.001038;1634.968628;-79.650940;-150.276550;2020.669800;-261.002441;-68.528198;1673.376221;-289.081848;304.317139;1772.963623;-334.008728;438.344360;1674.093628;117.153183;-640.396240;2343.584229;162.258240;-695.507935;2199.392334;195.127121;-708.101929;2242.970215;220.402069;-654.622192;2355.212646;149.258255;-731.668640;2234.098633;77.482536;-738.366516;2343.633545
0.000000;-149.999985;2000.000000;35.488586;-276.798553;2120.433594;64.740105;-375.212250;2219.477783;109.317413;-564.215698;2316.660645;134.815979;-528.840088;2294.258789;249.055115;-483.534637;2221.179688;169.411194;-288.063232;2042.730835;-21.482792;-413.823425;2082.232422;-47.842205;-426.853760;2173.946289;-3.470642;-367.278259;2095.445313;-83.059586;-427.243896;2189.508301;69.486298;-536.114990;2308.743164;-59.663990;-528.011169;2285.151123;-153.069229;-346.098053;2091.508789;39.253433;-449.537628;2178.110840;130.279022;-403.716003;2158.907227;121.135025;-363.152100;2061.151855;114.808739;-388.217682;2093.868164;87.191910;-150.978531;1973.276611;121.403404;-8.169525;1600.759766;323.237732;295.746643;1716.249268;423.932220;429.170654;1631.579712;-78.624786;-149.117584;2024.097656;-261.560944;-72.114288;1676.831909;-287.962189;302.093994;1770.684448;-330.152863;436.481567;1671.283081;123.999405;-640.782715;2341.102539;164.675354;-685.952393;2192.318359;198.959106;-701.166016;2233.879883;227.566635;-655.061523;2348.481934;152.961945;-724.381592;2224.935303;84.807541;-738.740234;2335.941406
0.000000;-150.000000;2000.000000;34.547569;-277.141296;2120.547852;63.291664;-375.058777;2220.386230;109.306732;-564.201416;2316.997314;134.552444;-528.572266;2294.629150;249.006012;-482.942627;2221.874023;165.228561;-288.356079;2044.024902;-27.422611;-412.428284;2081.312500;-48.901455;-431.461884;2173.326904;-9.552120;-366.845642;2096.030518;-85.032364;-429.516479;2190.130859;69.250938;-536.310059;2309.238770;-59.872593;-526.828369;2285.454102;-150.256622;-344.922516;2090.066162;42.622372;-448.401611;2175.866699;134.265823;-403.773315;2156.366211;122.823219;-362.946594;2058.874023;115.364029;-387.713684;2088.131836;87.277664;-151.556046;1973.346191;117.922913;-7.560760;1600.646729;322.572815;295.380219;1714.703369;425.443939;426.986298;1629.489868;-78.702103;-148.596863;2024.035034;-263.558594;-73.504501;1677.015747;-286.639709;301.871124;1768.263550;-326.417969;437.171234;1668.877075;124.537338;-640.802795;2341.203125;166.911346;-685.118652;2192.503662;200.851852;-700.431702;2234.366699;228.153595;-654.766541;2349.568848;154.995346;-723.780762;2224.833252;85.718033;-738.944580;2335.153076
0.000000;-150.000000;2000.000000;32.593559;-279.120300;2118.056152;61.315628;-374.026520;2220.085449;107.817017;-564.364868;2312.341797;132.797272;-528.537048;2290.364746;250.255997;-486.879517;2221.063232;166.519089;-292.175507;2044.804688;-28.681618;-410.312317;2083.141357;-49.047104;-434.901367;2173.735107;-9.349770;-370.275513;2097.146484;-84.941010;-431.980713;2191.243164;67.891319;-536.314392;2305.637207;-61.854073;-529.798157;2287.377930;-150.744003;-348.446960;2092.182129;42.157673;-449.979919;2178.049316;133.922501;-406.580383;2158.241211;121.707985;-363.161926;2062.373535;116.067734;-390.456635;2092.436279;86.776459;-152.878052;1972.894653;111.603592;-7.125885;1601.925659;316.557739;293.578003;1716.944824;420.188751;424.785950;1633.470337;-78.250153;-147.404739;2024.442261;-264.075256;-75.340851;1678.883667;-287.314087;298.806763;1769.507935;-328.465607;435.193115;1673.240479;123.062073;-641.171875;2334.883545;165.690948;-694.125977;2189.720459;201.273148;-703.531494;2231.707031;227.190689;-647.057129;2341.847168;157.207703;-730.655396;2225.177734;91.428604;-741.624878;2337.581543
0.000000;-150.000000;2000.000000;32.595428;-279.116730;2118.056152;61.320156;-374.015900;2220.088379;107.838013;-564.341980;2312.355469;132.814667;-528.513977;2290.376465;250.264114;-486.847076;2221.068359;166.478226;-292.172058;2044.806641;-28.692970;-410.347595;2083.156494;-49.049164;-434.936279;2173.750977;-9.369370;-370.306458;2097.158691;-84.942566;-432.022400;2191.260254;67.910416;-536.295593;2305.649902;-61.834145;-529.788940;2287.393066;-150.734207;-348.451599;2092.194336;42.173515;-449.972107;2178.054443;133.936066;-406.575378;2158.236816;121.712242;-363.157288;2062.371582;116.064461;-390.447998;2092.424805;86.775215;-152.877380;1972.894287;111.588806;-7.131866;1601.927490;316.540527;293.572144;1716.934692;420.161499;424.775330;1633.445435;-78.249023;-147.405350;2024.442383;-264.073944;-75.347931;1678.888184;-287.311523;298.795654;1769.508301;-328.457001;435.182739;1673.243286;123.089516;-641.145264;2334.901855;165.725967;-694.073853;2189.733887;201.315765;-703.466187;2231.716309;227.219940;-646.986938;2341.854980;157.261658;-730.608032;2225.189697;91.499001;-741.610352;2337.598145
0.000000;-150.000000;2000.000000;32.541801;-280.318817;2118.678467;61.644882;-374.647858;2222.542969;108.672745;-565.303833;2317.488281;133.814026;-529.356873;2295.112305;250.517227;-486.710938;2223.082031;164.335495;-289.341187;2047.874023;-31.893230;-408.703278;2087.182129;-49.851589;-436.371887;2178.127441;-12.087360;-371.595520;2099.623047;-86.738434;-431.094238;2196.400391;68.404564;-537.241699;2310.300049;-61.352810;-527.713623;2287.296875;-151.162262;-347.472717;2088.622314;41.620964;-449.883423;2178.222656;133.981262;-405.620850;2159.230713;122.933197;-365.024384;2061.168945;113.095154;-390.330322;2087.966309;87.486992;-152.764786;1972.974976;108.769226;-5.736725;1599.212646;316.625366;295.615112;1716.402222;420.544922;427.866394;1631.934204;-78.890854;-147.506897;2024.369629;-265.667114;-76.056717;1675.901489;-286.030579;299.909119;1771.350586;-327.153290;436.107910;1672.631104;124.166199;-642.391663;2340.996582;165.159637;-686.098999;2191.090332;200.185913;-700.786377;2232.559082;228.539429;-654.380249;2347.729004;154.476746;-725.115601;2223.730957;87.032845;-741.637451;2335.559082
0.000000;-150.000000;2000.000000;30.778625;-280.443176;2118.177246;58.506027;-374.917725;2221.676025;107.988182;-563.667847;2317.632813;132.558105;-527.648743;2295.072754;249.904068;-485.528442;2224.678223;163.665375;-290.541931;2048.189697;-34.517876;-404.680786;2088.924316;-51.296341;-435.657715;2178.704102;-12.991028;-370.366028;2101.359863;-86.969604;-429.965576;2198.349609;67.465546;-536.292847;2310.281250;-63.044456;-530.316284;2293.525391;-143.729721;-353.538055;2089.147705;51.904793;-447.872070;2179.517090;140.802338;-397.473907;2161.059570;127.869469;-363.364807;2061.132813;123.918167;-388.153107;2091.446533;87.327133;-153.409027;1973.493164;102.888733;-4.646118;1601.472778;306.079315;297.716949;1720.343628;411.424438;429.978119;1639.007202;-78.746704;-146.925934;2023.902222;-263.521606;-75.026001;1675.887207;-286.288513;299.735748;1770.656128;-328.184753;438.320831;1676.630493;124.483444;-640.135742;2341.596924;164.716675;-683.732788;2191.988525;198.830093;-699.997314;2233.394531;227.999008;-655.850708;2348.814941;152.484253;-722.528381;2224.089355;84.002563;-737.637817;2335.005371
0.000000;-150.000000;2000.000000;32.106453;-279.527466;2118.297852;59.786404;-376.521179;2219.053711;110.714996;-564.412231;2314.967041;134.952789;-528.225891;2292.526611;253.560974;-486.075867;2224.894043;162.914124;-290.571106;2052.083252;-31.675468;-404.911224;2105.109375;-54.041290;-438.034271;2192.672852;-14.518028;-380.010315;2110.591797;-91.137009;-432.083435;2209.997314;70.030334;-537.486633;2307.508057;-60.782448;-536.223145;2294.574219;-146.997330;-356.348633;2096.006592;55.879837;-449.436005;2168.777344;140.762848;-394.749481;2145.429443;125.753242;-360.946655;2045.913330;128.833862;-389.086151;2085.686523;87.302361;-152.190674;1973.907227;103.993286;-6.899078;1601.417236;304.881592;295.415863;1721.874878;410.947388;426.294098;1640.093628;-78.724380;-148.024582;2023.529053;-261.627869;-77.037842;1675.247925;-285.426270;297.346771;1768.111938;-326.706055;435.694733;1674.090088;127.848541;-640.566040;2338.932373;168.208221;-687.652954;2190.764160;204.184494;-699.440063;2231.960205;232.167542;-648.205200;2344.432129;159.575806;-725.689941;2224.724121;94.748489;-740.800781;2337.513672
0.000000;-150.000000;2000.000000;30.597965;-277.703888;2121.375977;56.560780;-374.681274;2223.151611;106.243378;-563.954956;2318.340820;130.830795;-527.652527;2296.177246;247.890015;-483.570404;2226.289063;156.556580;-288.896545;2051.702393;-39.388546;-407.313171;2092.048340;-59.468090;-434.498169;2182.454102;-17.098911;-371.611328;2105.122803;-89.946548;-428.528107;2206.243652;65.619255;-536.699219;2310.857422;-65.140900;-532.130981;2294.846191;-150.149902;-350.181244;2096.557861;52.008198;-445.195801;2170.895020;140.700150;-397.039246;2146.109131;122.266632;-355.386719;2049.888916;121.411461;-386.754089;2082.418945;87.880890;-152.660583;1975.046509;101.461601;-3.352539;1602.842041;300.101135;299.157318;1729.692993;404.703094;428.939362;1643.239136;-79.246063;-147.600830;2022.501587;-263.170074;-74.643173;1673.909790;-288.817169;299.998810;1769.602295;-329.006958;436.664642;1671.857788;122.927719;-640.555786;2341.957275;165.196609;-690.774902;2194.877441;200.359726;-702.495239;2236.992188;227.285461;-649.766357;2349.422363;155.346512;-728.224792;2229.369629;88.166466;-740.541260;2341.536621
0.000000;-150.000015;2000.000000;31.666155;-278.531158;2120.605469;58.688072;-374.848694;2223.019043;108.333893;-565.185669;2316.813232;132.962158;-528.735657;2294.780762;248.406830;-486.125183;2220.980957;167.660965;-284.119934;2048.890869;-8.074944;-406.201965;2140.614258;-46.388573;-449.687378;2217.966309;-20.993057;-378.867889;2139.841553;-96.742355;-468.353088;2188.309814;67.691025;-537.738403;2309.667969;-63.449608;-534.759399;2294.878906;-150.707169;-354.395966;2095.542480;49.751495;-447.087677;2178.039551;139.907562;-400.176453;2155.635254;121.555923;-356.260895;2060.239502;120.427292;-388.811493;2090.529785;88.277443;-150.909821;1975.852295;101.178528;-6.989990;1600.888672;298.522949;296.127686;1729.959106;404.561157;425.930054;1644.707153;-79.603668;-149.179626;2021.775024;-261.359131;-76.938202;1671.238525;-289.886597;298.164551;1766.568848;-330.211182;437.431213;1672.168579;124.941559;-642.102844;2339.857178;162.673416;-693.938232;2191.853271;200.652481;-702.344971;2232.392578;230.063416;-644.843567;2342.032715;156.904572;-730.967957;2227.804199;96.348373;-744.106323;2343.805664
0.000000;-150.000000;2000.000000;32.116356;-278.204498;2120.475098;59.770020;-372.577087;2224.251465;107.739120;-562.889893;2318.283203;132.716858;-526.384277;2296.894043;249.679596;-482.221130;2226.870605;168.616455;-284.352539;2050.773926;-7.163231;-403.852966;2144.981934;-47.821384;-447.670898;2220.770508;-21.703083;-377.256653;2142.721191;-98.088272;-466.774963;2189.613281;67.262505;-535.512939;2310.424316;-63.348850;-532.646118;2292.792969;-150.376114;-351.898407;2094.246582;51.227146;-439.751404;2178.324707;142.553574;-395.942200;2155.049561;118.158966;-344.988342;2064.807617;126.578796;-386.274963;2096.935547;88.333435;-149.938477;1976.517456;101.231064;-5.976837;1602.151611;298.340057;298.766815;1726.109131;406.455200;429.401093;1645.418335;-79.654129;-150.055450;2021.175171;-256.312042;-74.382965;1669.379395;-289.989563;299.235626;1766.703735;-332.114807;439.804657;1675.502441;123.971512;-639.754150;2341.377197;160.986740;-692.624756;2193.796387;197.757095;-703.377319;2234.788086;228.589249;-648.365356;2345.113281;152.618240;-729.447144;2229.345703;89.723129;-739.888000;2344.169434
0.000000;-150.000000;2000.000000;31.761156;-278.308716;2120.571045;59.149101;-372.642303;2224.537109;106.174393;-562.851563;2319.464844;131.366699;-526.449341;2298.103027;248.322662;-481.998718;2228.125732;162.500854;-284.048920;2054.203125;-24.741974;-399.676849;2129.504150;-53.765991;-450.729462;2206.160645;-36.433228;-373.028107;2132.647949;-102.975372;-469.420837;2188.592773;65.786697;-535.400208;2311.282227;-64.730865;-532.239990;2292.617676;-149.420761;-351.646912;2092.753906;51.796658;-439.340485;2178.191895;143.185852;-395.217621;2155.567383;118.858070;-345.040192;2064.820313;127.775345;-386.142029;2097.248535;88.422485;-150.005096;1976.702026;103.081757;-5.044708;1602.603882;299.218506;299.829529;1728.274780;407.334534;430.530396;1647.507324;-79.734451;-149.995422;2021.008667;-253.535416;-74.662979;1667.526978;-289.537292;299.119324;1764.043213;-331.226196;440.260376;1673.387451;122.111656;-639.712463;2342.896484;160.712616;-691.113098;2195.127930;198.167923;-700.123413;2235.951660;227.075409;-643.564941;2346.078125;154.211105;-728.234741;2230.788574;92.444275;-741.335205;2346.015137
0.000000;-150.000000;2000.000000;31.306063;-278.183563;2120.176270;57.997406;-373.392700;2223.040527;104.446640;-562.037354;2320.134277;129.687439;-525.929626;2298.605713;249.602036;-483.758820;2233.081299;161.494873;-287.268799;2059.721680;-32.007671;-404.088959;2112.127686;-66.453659;-459.522156;2182.980957;-47.261959;-375.632751;2117.566162;-105.855347;-474.251892;2193.923828;64.186066;-534.790649;2311.389648;-66.367096;-533.022766;2295.226074;-148.969986;-352.847229;2095.082520;51.570103;-440.860535;2180.203369;143.428406;-399.141785;2156.127441;118.500679;-346.819214;2067.074707;127.314804;-388.462494;2098.912109;88.433441;-149.360626;1977.645020;111.327667;-3.586365;1605.329102;303.574799;301.512787;1733.586914;411.872345;429.087555;1649.208740;-79.744324;-150.576523;2020.158569;-250.438263;-73.794846;1666.581909;-291.095123;297.319183;1767.648071;-331.356323;438.967133;1677.944824;120.263519;-638.432373;2344.457031;162.047516;-686.602905;2196.894043;197.942963;-697.569458;2238.446289;224.711838;-644.835205;2350.634277;153.641083;-724.417847;2231.219482;88.281021;-739.126099;2343.876465
0.000000;-149.999985;2000.000000;30.099524;-276.611450;2123.953125;55.308601;-371.072021;2229.242676;101.987488;-562.787109;2323.584473;127.455421;-525.844666;2302.975098;247.688934;-482.870728;2236.374023;161.924561;-285.632935;2059.625977;-40.024918;-392.651733;2108.165283;-6.148472;-449.838654;2178.818848;-66.014877;-381.353607;2119.029297;-102.651436;-468.558746;2189.069336;61.398743;-535.390137;2314.867188;-69.382820;-532.345581;2293.926758;-148.998199;-351.824677;2090.133301;50.294121;-441.941040;2180.383789;142.867722;-398.619659;2158.877441;118.613586;-350.104828;2066.649414;125.900726;-387.633575;2097.063477;89.774078;-147.541656;1980.711182;119.860977;-1.261292;1606.087646;309.237427;307.170532;1738.595459;414.605530;431.626831;1643.596313;-80.953239;-152.216766;2017.393555;-246.359344;-73.168686;1658.662109;-293.358673;297.943237;1767.109253;-332.237640;438.503357;1672.872192;118.056030;-640.125610;2346.656250;159.623444;-691.517456;2198.889160;196.305084;-700.971680;2240.655518;223.375763;-644.741028;2352.077637;152.075256;-728.884399;2234.430908;87.491150;-742.010193;2348.789063
0.000000;-150.000000;2000.000000;27.902601;-276.813934;2121.167969;51.187309;-369.741394;2225.960938;95.880463;-558.784851;2320.699707;121.363892;-522.294678;2300.702148;244.789642;-484.515503;2240.783691;167.771774;-287.218323;2065.228516;-27.326809;-396.017273;2123.620361;-13.216702;-446.203156;2204.063477;-60.682125;-380.243256;2133.586914;-102.270325;-463.992554;2194.458984;55.891407;-531.823364;2311.219727;-73.685211;-532.294312;2292.539063;-148.215820;-353.525055;2089.918945;46.985176;-443.030090;2182.406250;139.069641;-400.779480;2162.702881;113.204102;-353.278534;2071.853027;120.388779;-389.195007;2098.565674;89.265175;-145.485641;1984.168701;133.227905;1.547791;1616.372925;310.787140;311.291504;1749.014771;412.797882;430.963623;1648.753174;-80.494324;-154.070801;2014.275879;-237.976685;-66.678024;1659.247192;-292.955566;297.940186;1769.525757;-334.915619;436.128418;1676.873413;111.467880;-635.100464;2344.058594;151.363602;-694.557861;2201.014160;187.387466;-702.508728;2242.772461;215.410721;-641.758850;2349.779785;143.056931;-729.369507;2238.052246;78.954956;-734.803345;2351.513184
0.000000;-150.000015;2000.000000;25.913610;-279.685638;2120.293701;47.458851;-374.196167;2225.318359;91.194862;-564.057983;2322.115234;117.121857;-527.164001;2302.646484;240.845398;-485.447021;2243.720703;172.894836;-286.737335;2063.225098;-24.436470;-395.299591;2120.601318;-12.199543;-447.508362;2200.821289;-61.762489;-381.251251;2130.981445;-102.117378;-467.847870;2184.246338;51.022839;-537.219604;2311.444336;-78.836250;-536.137695;2289.036621;-151.728546;-352.312653;2087.776855;44.376862;-444.104004;2180.030273;136.336182;-399.104095;2162.347412;111.002960;-352.837158;2069.908447;119.111229;-388.042664;2097.421875;90.169777;-144.800354;1986.181396;136.945831;-5.978851;1612.720825;307.037781;310.931824;1745.472656;410.684143;430.855530;1644.888672;-81.310051;-154.688782;2012.460938;-232.959930;-62.812332;1653.090698;-295.420105;301.799866;1768.208862;-334.929413;437.637085;1669.118286;106.789444;-640.737854;2346.144531;148.345139;-693.424805;2199.771240;183.789978;-704.268677;2241.865723;211.194733;-649.460083;2353.143066;138.833130;-730.275146;2234.976807;72.382317;-740.806030;2347.719971
0.000000;-150.000000;2000.000000;23.664024;-277.148621;2120.808105;43.576321;-369.475525;2226.152344;84.013672;-556.794678;2324.437012;110.229645;-520.960693;2304.617432;235.057053;-486.869629;2246.603271;180.073090;-287.393799;2066.786133;-14.192619;-397.256134;2122.718018;-19.426205;-444.592316;2205.521484;-39.153881;-381.262482;2121.320557;-96.886642;-463.696625;2191.538330;44.660694;-529.725342;2313.592773;-83.819214;-530.384277;2290.968262;-156.128128;-351.414642;2089.078125;37.269047;-441.963959;2182.267578;129.364853;-400.281219;2163.313477;105.245895;-352.390472;2072.618652;113.121078;-386.850250;2101.366211;89.320587;-146.519562;1986.166870;140.882935;-1.021301;1620.263062;304.819031;314.888672;1752.070923;405.415039;436.124695;1653.486328;-80.544312;-153.138458;2012.473999;-228.752853;-58.741913;1656.808105;-298.293671;301.407959;1768.836060;-342.957458;436.916565;1674.614624;98.263893;-632.616516;2349.224121;142.137558;-686.706909;2205.840820;175.139053;-699.076660;2248.746094;200.775345;-646.128479;2359.895508;129.744186;-722.689819;2240.275635;59.522297;-729.956421;2349.404297
0.000000;-150.000000;2000.000000;23.675915;-277.773499;2120.966797;43.123829;-372.912476;2224.481201;81.113480;-559.059326;2327.355957;107.920212;-523.401917;2307.630615;234.758286;-488.228027;2253.668457;187.607101;-290.117432;2068.864258;-10.350277;-396.376953;2121.723633;-11.275227;-444.245178;2204.729980;-35.752499;-380.814453;2121.424561;-90.851791;-462.951599;2194.606934;41.925632;-532.166565;2314.894531;-86.011505;-530.488159;2287.392334;-157.410156;-349.100891;2086.113770;36.368500;-440.015015;2179.996826;128.123749;-396.033661;2162.911133;104.598343;-349.463257;2070.993652;114.007568;-385.626038;2101.116211;89.774712;-144.865387;1987.852661;148.766830;0.866302;1621.800049;314.110474;318.931335;1750.078003;414.378326;435.274902;1644.409790;-80.953812;-154.630112;2010.953735;-226.816254;-53.376007;1654.804077;-300.347687;307.622864;1765.700439;-340.961060;442.446594;1667.755127;94.798218;-634.663818;2353.901367;134.068451;-683.064880;2206.641357;169.975601;-694.679810;2247.607666;198.622299;-642.896912;2359.021240;125.368530;-720.584106;2240.808594;61.195457;-734.243713;2353.480957
0.000000;-150.000015;2000.000000;21.333677;-279.095642;2120.372559;38.582100;-373.494995;2225.225342;73.908676;-560.186646;2328.713379;101.257751;-524.323059;2309.956543;229.307755;-489.988770;2257.806641;197.340683;-290.730652;2070.414551;8.323315;-405.962280;2136.896240;16.704735;-450.230530;2221.624023;-17.506481;-391.219421;2138.299805;-72.167480;-470.502930;2204.031250;34.997841;-533.325073;2315.091797;-92.650330;-531.735413;2285.429688;-157.608902;-349.355072;2082.313965;33.500809;-441.559418;2181.118164;126.669037;-399.781281;2165.299805;102.360580;-351.337463;2074.384766;111.259743;-386.813751;2101.640625;90.192230;-143.331467;1991.166870;157.531616;-8.069122;1621.926025;318.494080;314.904358;1745.034790;415.767365;435.371887;1640.723633;-81.330292;-156.013336;2007.965088;-220.614655;-50.113968;1649.897949;-302.836395;308.620972;1763.916016;-346.278259;444.285645;1667.932739;86.995514;-635.959534;2355.437988;139.011749;-684.496094;2211.972168;170.546799;-697.369019;2256.145020;189.743256;-647.049500;2370.426758;126.068855;-722.046204;2244.849121;50.928822;-734.730347;2350.876953
0.000000;-150.000000;2000.000000;20.653585;-279.720917;2120.967773;37.331131;-373.691406;2227.134033;72.419502;-562.100403;2329.566650;99.956177;-525.877563;2311.221924;228.072662;-489.678772;2258.791992;197.827713;-290.457825;2069.313477;9.586895;-406.822021;2139.445801;19.734076;-452.164001;2223.888184;-16.866001;-392.914520;2141.140381;-68.191788;-475.601074;2206.922363;33.388138;-535.042664;2315.899902;-94.367096;-533.434143;2284.230957;-158.456161;-347.308380;2082.543945;32.438629;-442.807068;2181.062744;126.351898;-401.195557;2166.289551;102.440285;-351.557220;2075.373535;112.619659;-387.911560;2103.697998;90.638901;-143.393326;1991.609375;158.703171;-8.588562;1620.450928;321.338898;314.432007;1746.377319;416.878998;437.820984;1642.416016;-81.733093;-155.957535;2007.566284;-218.382141;-49.860184;1646.611206;-303.755127;309.641052;1761.598633;-346.493317;446.129822;1665.122559;85.495590;-638.431519;2355.789551;131.953079;-687.320496;2209.775391;164.755127;-701.241516;2253.005859;188.855698;-651.922363;2367.406738;119.203156;-724.967407;2242.969727;46.964626;-736.786072;2351.781738
0.000000;-150.000000;2000.000000;16.347906;-280.291931;2120.200684;29.148085;-372.589478;2227.773926;63.253433;-561.750366;2327.706787;90.823044;-525.074768;2310.767578;219.507172;-489.318481;2260.675781;202.810211;-289.409882;2071.483398;16.081230;-405.899902;2143.073242;20.904278;-451.226868;2227.657715;-10.414932;-392.171143;2143.059082;-61.920822;-476.913208;2208.738037;24.453785;-534.929688;2313.473145;-102.584221;-534.476196;2280.585205;-153.660278;-346.178925;2078.408203;29.819698;-444.642944;2185.959473;125.376633;-406.060822;2176.814941;102.215904;-354.146942;2087.369141;107.926308;-388.289063;2106.751953;90.595215;-143.178024;1995.073364;162.280334;-7.393158;1626.289917;322.930054;317.277252;1746.830933;418.746246;437.824249;1640.848022;-81.693695;-156.151672;2004.442749;-210.586670;-45.853668;1643.256958;-302.133942;309.209991;1763.177368;-347.899597;445.184845;1668.325317;76.347099;-638.142761;2352.940674;130.122101;-686.489868;2209.830566;163.270569;-695.520508;2253.864746;179.993011;-640.490479;2366.532227;120.724442;-724.049805;2243.979736;48.298580;-739.717407;2351.690186
0.000000;-150.000000;2000.000000;15.370291;-280.627014;2119.505615;27.341900;-373.481140;2226.365723;58.827011;-561.470215;2328.528564;86.801346;-525.164795;2311.701660;217.360046;-490.731293;2266.476074;208.649979;-290.418854;2077.873779;20.071692;-406.785034;2143.247559;23.944075;-451.758636;2227.879883;-6.398373;-392.951874;2142.991211;-61.821728;-475.161469;2205.424072;20.463783;-534.650208;2313.433350;-105.971283;-534.203125;2279.161133;-156.033401;-343.273071;2079.899170;69.666000;-404.490356;2086.876465;147.845337;-416.323517;2153.315186;87.259491;-347.061981;2101.112305;171.571686;-377.865356;2115.555176;90.476822;-143.304977;1995.681274;173.622864;-7.861145;1629.942871;325.574280;318.816162;1754.182495;416.526093;439.312317;1644.493286;-81.586929;-156.037201;2003.894287;-202.262650;-39.441742;1642.613892;-304.771027;311.639771;1763.231323;-350.091614;446.268738;1666.801025;71.105972;-637.537109;2354.681152;134.974258;-695.964722;2220.043213;164.634415;-701.851807;2266.885010;173.253845;-639.030884;2376.088867;122.830170;-730.912415;2255.920166;42.611015;-738.729980;2358.569336
0.000000;-150.000000;2000.000000;12.863258;-276.268372;2124.176025;22.876251;-370.791779;2229.607910;52.406651;-558.153625;2333.117676;80.711647;-522.188538;2316.230469;211.176987;-487.850586;2271.034668;208.210648;-286.692688;2083.491211;19.829287;-403.381195;2148.176758;13.649231;-446.354614;2233.617188;-5.859230;-388.428253;2145.131348;-61.385063;-472.716095;2212.330078;14.354918;-531.189331;2317.629150;-111.474060;-528.942383;2281.654785;-157.623489;-341.297058;2078.690430;67.534103;-398.070862;2051.738037;144.642853;-412.893982;2118.692871;77.089531;-333.028503;2103.446777;159.139160;-377.740723;2118.780273;90.477051;-143.519440;1997.217285;186.075104;-14.982635;1632.391113;322.638611;316.457184;1760.842285;414.989777;436.204254;1651.767334;-81.587135;-155.843811;2002.509155;-193.632233;-30.905823;1641.602539;-302.672211;314.813385;1770.664551;-349.784393;445.001495;1669.371338;63.984669;-634.065063;2359.825684;135.477249;-686.854187;2226.859863;162.240784;-695.006226;2275.032715;164.581451;-637.196350;2387.158936;121.080513;-723.244629;2260.326660;34.915325;-735.051392;2357.491211
0.000000;-150.000000;2000.000000;11.501902;-276.034454;2125.486328;20.393703;-370.404602;2231.863770;46.278622;-558.923706;2335.927734;75.363518;-523.165405;2319.405518;204.405167;-485.283295;2271.374268;210.879318;-279.131683;2087.882324;22.536949;-401.599670;2144.572998;9.492138;-440.680542;2231.498047;-2.196354;-385.305237;2139.579834;-58.834217;-468.654663;2211.609619;8.639584;-531.368469;2319.899414;-116.831161;-527.260376;2281.169189;-162.954376;-338.621521;2077.678223;60.653568;-396.710083;2036.714111;137.164032;-409.457092;2105.354004;70.487854;-327.012756;2101.497559;147.311996;-375.187012;2115.789063;90.851044;-143.745560;1997.954468;189.155075;-17.540726;1631.415649;318.313477;317.845123;1761.480225;408.684845;439.897797;1652.115234;-81.924393;-155.639893;2001.844482;-192.052383;-18.409973;1643.183594;-310.073151;328.672577;1764.743408;-354.252777;457.769501;1659.718262;56.584877;-635.283691;2362.799805;131.942932;-684.766296;2229.980469;156.044250;-696.852783;2278.965576;155.862747;-645.039429;2394.523926;114.147263;-722.223816;2260.827881;22.644793;-734.752319;2353.574219
0.000000;-149.999985;2000.000000;10.001741;-276.632050;2125.687988;17.329823;-372.131287;2231.685059;40.717304;-562.750427;2333.699463;70.246506;-526.527344;2318.657227;201.369019;-488.443085;2275.541016;215.404816;-282.027313;2091.662109;28.236382;-408.794861;2145.227539;5.369570;-442.818970;2232.533203;-4.594845;-389.783081;2138.714111;-64.570580;-467.455811;2205.867920;3.396620;-534.993774;2316.888672;-121.532051;-529.964661;2275.423340;-166.863617;-337.335754;2074.471924;56.009567;-397.843353;2029.608276;133.360229;-410.784943;2097.684570;68.158951;-326.722961;2097.921631;142.321014;-376.291016;2111.770752;90.879654;-141.094360;2001.740723;190.748840;-20.782990;1632.489990;315.570770;318.080078;1760.757080;406.739380;438.388916;1649.288086;-81.950180;-158.030579;1998.430420;-184.494934;-12.737610;1639.510742;-317.192657;329.161499;1763.863647;-352.135468;457.693298;1654.024048;50.498154;-639.709717;2359.704834;124.129822;-682.603760;2223.160645;150.101776;-695.151978;2271.235352;151.190369;-646.520020;2388.528320;108.596039;-721.677124;2253.451660;20.029228;-740.386719;2348.471680
0.000000;-150.000000;2000.000000;8.543379;-275.408966;2126.551758;15.193043;-374.382416;2228.993164;33.897018;-562.725159;2335.261230;64.114006;-527.130981;2320.378906;193.356476;-487.128906;2274.298828;223.427032;-279.095886;2094.987793;35.733330;-407.442810;2140.496582;-21.122999;-427.162109;2215.643799;-10.690962;-377.888855;2120.069824;-65.731812;-459.550537;2186.846680;-2.607965;-535.055542;2316.858643;-126.152107;-532.519470;2271.931152;-168.814911;-338.196106;2072.762207;53.269569;-401.947510;2030.843506;130.356873;-410.427185;2099.625488;64.563614;-327.168945;2095.703125;139.536285;-376.154602;2110.331055;90.609970;-140.519547;2003.277832;201.918076;-28.217133;1635.579102;310.553802;317.282471;1758.662842;402.019470;438.216064;1648.704102;-81.707001;-158.548950;1997.044189;-175.512650;-8.035492;1638.707397;-315.126984;330.312988;1762.982056;-359.949554;454.127502;1651.817627;42.221001;-639.077087;2363.031006;127.388016;-676.652649;2232.091309;146.152008;-695.977905;2281.143066;137.543747;-658.499329;2401.915039;104.946259;-716.454224;2256.337646;4.503653;-734.588013;2338.447754
0.000000;-150.000000;2000.000000;6.891142;-280.699799;2122.112793;10.943655;-375.272430;2229.434570;27.089409;-567.090576;2331.390625;57.798592;-531.084351;2318.010742;190.380264;-492.503693;2279.207520;224.165283;-286.549408;2096.677734;36.070374;-415.786560;2142.201172;-29.306767;-431.039856;2211.681152;-26.764069;-380.437012;2115.833984;-68.878952;-465.576721;2182.391602;-9.096653;-538.729492;2312.941162;-132.940384;-535.077026;2267.553223;-169.117126;-338.203064;2068.194336;53.044662;-416.608032;2062.639648;140.479645;-405.815277;2117.958740;65.765022;-333.798462;2093.723145;152.550964;-379.776978;2109.496582;90.934433;-141.021637;2004.478149;211.205948;-41.638733;1634.346069;311.016296;308.808380;1755.109741;401.981964;434.311554;1648.785400;-81.999588;-158.096191;1995.961914;-167.352112;-6.097015;1634.570068;-315.622833;329.061066;1761.694580;-362.332581;451.328827;1648.663330;34.684715;-644.447998;2357.381348;119.889832;-680.844849;2225.437988;140.809967;-697.494263;2274.824219;132.086853;-656.744568;2394.998535;100.371155;-721.332520;2251.408203;2.460215;-743.180908;2336.363281
0.000000;-150.000015;2000.000000;4.212810;-281.205139;2122.389648;6.134213;-376.268402;2229.844727;22.171944;-569.576660;2330.228027;52.892570;-533.096497;2317.705078;186.500626;-494.299744;2281.302979;226.314606;-284.188385;2103.672852;38.948112;-417.900543;2141.843750;-29.646711;-433.521179;2208.437500;-31.938795;-380.820129;2113.391602;-70.998512;-464.396576;2178.974854;-14.027945;-541.216125;2311.454102;-136.437683;-536.702026;2261.467285;-163.594788;-338.766663;2060.667725;61.750954;-407.848419;2044.046753;135.571075;-406.146118;2117.713379;59.550880;-335.506317;2092.269531;149.231857;-380.114349;2107.123535;91.209686;-141.947403;2005.493042;209.884827;-48.425613;1632.173584;306.375397;303.909485;1753.384033;394.560455;431.734436;1646.600830;-82.247787;-157.261414;1995.046631;-168.822021;-8.239502;1631.527710;-321.907501;327.501770;1754.484009;-365.692078;453.343750;1643.520264;29.970631;-647.360352;2355.564941;123.557945;-690.093750;2230.876953;139.282898;-707.706116;2281.995605;123.214859;-665.503418;2401.265625;99.387611;-729.193176;2255.290527;-6.661362;-744.289551;2332.094727
0.000000;-150.000000;2000.000000;3.408994;-281.868500;2120.523926;4.191365;-375.223969;2228.641602;16.338209;-569.533081;2325.475098;47.586792;-533.500000;2313.854980;181.836517;-496.815613;2280.242188;222.650894;-290.462524;2100.371094;32.970650;-419.012421;2138.543701;-37.447693;-438.342407;2201.540527;-42.345856;-382.728210;2108.831543;-76.799324;-467.220825;2177.778809;-19.103144;-540.427368;2306.977539;-141.251846;-537.792847;2257.771973;-164.263535;-342.712799;2055.432617;61.059944;-407.984375;2037.980469;133.146362;-410.319458;2112.686279;57.606880;-338.878540;2090.203857;146.657837;-383.768463;2104.719482;90.714775;-141.722092;2006.491211;212.241043;-52.638336;1634.928223;306.816681;299.320221;1753.305664;390.424347;429.444794;1647.090088;-81.801514;-157.464539;1994.146606;-163.243729;-8.791626;1631.267578;-323.484375;323.428436;1749.127563;-368.165588;449.162811;1639.606445;22.686069;-647.492371;2349.463379;114.878296;-693.210327;2225.724854;131.280869;-708.901855;2276.981934;116.200279;-663.143555;2394.453369;91.482552;-731.543335;2251.575684;-13.072783;-745.059448;2329.710449
0.000000;-150.000015;2000.000000;0.937333;-282.656311;2119.052246;-1.057831;-376.822845;2225.986084;9.754755;-570.046387;2323.958496;40.941326;-533.852417;2313.207520;175.521835;-496.971924;2282.761719;219.252731;-292.200989;2102.801514;29.722395;-419.740295;2141.670898;-44.208652;-444.253143;2198.143555;-61.929127;-385.502380;2109.321777;-81.182480;-472.751343;2170.877441;-25.253986;-541.455078;2304.198486;-147.907715;-545.140747;2257.222656;-168.888931;-343.590668;2062.086426;57.677555;-402.177704;2044.703491;131.085907;-411.449493;2117.200195;53.701225;-343.585205;2091.381836;146.308456;-384.900330;2103.500000;89.896622;-139.792892;2010.665771;217.344589;-58.825668;1640.281738;305.752045;296.493286;1750.064941;388.106171;427.891052;1645.250977;-81.063736;-159.204239;1990.382202;-157.988174;-5.021973;1629.897339;-323.807373;322.177063;1750.955444;-370.798065;447.477905;1642.570557;16.051394;-647.629517;2348.496094;110.754242;-690.370483;2226.104980;126.346100;-706.630249;2277.289063;108.664154;-662.941528;2394.852539;87.362534;-729.244385;2250.876953;-18.196934;-745.017944;2326.668457
0.000000;-149.999985;2000.000000;-0.216877;-282.688782;2118.890381;-3.345707;-376.405579;2226.100098;4.743701;-569.361145;2324.629639;36.274616;-533.347900;2314.396484;171.140671;-495.660065;2286.645752;217.472733;-291.604980;2106.728027;27.135441;-417.971497;2144.809082;-48.770153;-445.875183;2196.834229;-76.309807;-386.563477;2111.000732;-88.564804;-468.467224;2172.584961;-29.740326;-540.672791;2304.160156;-151.047302;-543.604248;2253.924805;-170.321808;-342.900146;2057.938477;57.599659;-397.644623;2049.655029;131.017670;-410.436951;2121.532227;52.762890;-344.990509;2092.504150;146.751221;-381.862061;2106.240234;89.756264;-139.848801;2011.493164;225.269974;-59.534378;1644.050537;305.734039;298.479614;1750.493408;386.504211;430.926758;1645.929443;-80.937172;-159.153732;1989.636230;-149.167221;-2.894501;1628.509644;-322.087067;320.583618;1749.036499;-368.077881;449.412537;1644.561523;10.224926;-646.878540;2349.437988;108.845757;-691.995300;2231.164795;123.587265;-705.782410;2283.288574;101.996964;-657.925354;2398.486572;85.846336;-730.420593;2256.932129;-21.039028;-745.864990;2330.799316
