posX0;posY0;posZ0;posX1;posY1;posZ1;posX2;posY2;posZ2;posX3;posY3;posZ3;posX4;posY4;posZ4;posX5;posY5;posZ5;posX6;posY6;posZ6;posX7;posY7;posZ7;posX8;posY8;posZ8;posX9;posY9;posZ9;posX10;posY10;posZ10;posX11;posY11;posZ11;posX12;posY12;posZ12;posX13;posY13;posZ13;posX14;posY14;posZ14;posX15;posY15;posZ15;posX16;posY16;posZ16;posX17;posY17;posZ17;posX18;posY18;posZ18;posX19;posY19;posZ19;posX20;posY20;posZ20;posX21;posY21;posZ21;posX22;posY22;posZ22;posX23;posY23;posZ23;posX24;posY24;posZ24;posX25;posY25;posZ25;posX26;posY26;posZ26;posX27;posY27;posZ27;posX28;posY28;posZ28;posX29;posY29;posZ29;posX30;posY30;posZ30;posX31;posY31;posZ31
0.000000;-150.000000;2000.000000;2.156234;-305.656738;2122.917969;3.355856;-448.197205;2192.383301;6.535079;-689.543823;2190.475586;43.438560;-649.521362;2192.915039;188.608597;-608.899902;2142.564209;200.426086;-315.061951;2053.612305;-45.860207;-272.713806;1990.021729;-68.866531;-174.343323;1954.592407;-92.047516;-289.172668;1927.966309;-67.444611;-155.547745;1880.988647;-31.355984;-649.827759;2191.002930;-164.059402;-619.639160;2137.558105;-148.311066;-335.694000;2006.693970;107.925430;-380.028625;2030.473633;220.844696;-387.731934;2052.320068;281.692627;-363.845032;2150.659424;234.425476;-419.321838;2051.392578;101.358582;-150.035187;1998.177368;298.587494;-122.457520;1600.127563;179.366272;283.824860;1640.844116;168.521088;422.593536;1485.902832;-91.399490;-149.968277;2001.643555;-236.968155;-115.056549;1582.993286;-154.244629;304.647858;1625.049072;-192.632507;429.137054;1484.511475;8.095870;-778.997192;2174.865234;56.839725;-784.150513;2003.068604;72.315216;-832.965576;2038.424805;97.938614;-853.158813;2175.540527;18.266890;-823.673584;2019.154297;-79.295135;-840.355225;2126.030273
0.000000;-150.000000;2000.000000;1.403178;-305.917206;2122.079590;2.059285;-447.344055;2193.224365;4.606854;-688.298340;2190.293457;41.557018;-648.446472;2192.854736;186.539322;-607.925415;2142.691406;200.626617;-314.475281;2054.504395;-45.158577;-272.245300;1990.583740;-68.612114;-174.152802;1955.198853;-91.915131;-288.698578;1928.333008;-67.160103;-155.436279;1881.617676;-33.119545;-648.551270;2191.033203;-165.427399;-618.818848;2137.000244;-148.200409;-334.771423;2007.762329;107.652618;-379.633789;2030.006958;220.558929;-387.496765;2050.859863;282.472382;-362.959717;2148.139648;234.402939;-418.833069;2051.711670;101.198555;-150.323502;1998.423584;299.697418;-122.384979;1601.835815;179.512314;282.934082;1642.150269;168.221176;421.255127;1487.292236;-91.255188;-149.708298;2001.421387;-236.877701;-111.258469;1583.862793;-152.973022;307.495972;1625.962402;-192.609711;428.502197;1483.168945;5.915373;-777.544067;2174.327637;58.978245;-790.645935;2004.544434;74.809685;-836.952515;2042.820557;97.474411;-848.946716;2181.180176;21.123079;-830.219604;2021.833862;-78.453835;-843.732849;2126.964355
0.000000;-150.000015;2000.000000;0.737889;-304.669708;2122.972656;0.609623;-445.916870;2193.711914;3.956110;-686.263062;2187.030762;40.675488;-646.427734;2190.500488;185.677628;-605.175293;2142.110596;199.574585;-312.717438;2052.916504;-44.675110;-270.126617;1985.683960;-69.284798;-171.611420;1953.066895;-92.181053;-286.072571;1926.655762;-67.917519;-151.803818;1878.912354;-33.821747;-646.736816;2188.095947;-165.265839;-617.259705;2132.687744;-148.907883;-333.085938;2005.266602;106.502823;-377.223297;2027.418091;219.373245;-385.194519;2047.008667;281.529816;-360.721008;2143.838623;232.650238;-415.642303;2045.179077;100.967155;-151.067627;1998.051514;299.456757;-118.769760;1602.872314;179.819427;285.991333;1640.638672;167.509369;423.276367;1485.541870;-91.046532;-149.037308;2001.757202;-236.326645;-110.486481;1585.113037;-154.273575;307.993164;1623.983154;-193.150894;432.468018;1484.558105;5.675648;-775.048828;2169.713379;63.472187;-788.660034;2001.933716;76.419258;-835.693665;2040.188843;94.215454;-849.535278;2178.777344;23.808455;-826.920715;2017.637939;-79.237907;-837.702393;2119.245605
0.000000;-150.000000;2000.000000;-0.021303;-305.250183;2122.681152;-0.208628;-446.600586;2193.700928;2.257602;-687.345703;2189.517334;39.167080;-647.558838;2192.685059;184.325684;-607.180542;2143.321777;199.207291;-315.354065;2050.829590;-46.842026;-270.656952;1990.528320;-70.279503;-173.082397;1953.976318;-94.084999;-287.565674;1927.716797;-68.858955;-154.877335;1880.790161;-35.426346;-647.615234;2190.062988;-166.659546;-617.650146;2133.893066;-149.316879;-334.028076;2004.337158;106.290642;-378.135681;2028.412598;218.722168;-385.661682;2051.347168;279.884369;-364.513031;2149.777344;233.014282;-417.667969;2052.520752;101.129509;-150.343781;1999.582520;297.265930;-118.239273;1602.530151;178.064941;287.209595;1640.860474;166.841263;422.146851;1483.257935;-91.192932;-149.690002;2000.376465;-238.122238;-112.034409;1583.578613;-155.262238;306.784363;1623.580078;-193.865128;429.337891;1482.031982;3.695415;-776.435059;2173.104492;55.207237;-782.797729;2002.607422;70.951210;-830.762451;2038.737305;94.632866;-848.739258;2176.162109;17.194942;-822.726868;2018.529297;-81.545326;-839.840088;2123.764893
0.000000;-149.999985;2000.000000;1.530119;-305.553680;2122.879150;2.319662;-447.607086;2193.141602;4.989973;-688.807922;2189.683594;41.930870;-648.908142;2192.795654;187.384750;-608.630371;2143.274658;201.993546;-315.954742;2051.541016;-44.557682;-271.579620;1991.016724;-68.242851;-173.965866;1954.151489;-92.589905;-288.581909;1927.953125;-66.688324;-155.914078;1880.737793;-32.796455;-649.032715;2190.049805;-164.327316;-618.539795;2134.158203;-147.977692;-334.591919;2003.792603;107.880112;-379.316833;2029.258911;221.046143;-387.055511;2049.410889;281.360962;-362.775360;2147.903076;235.070526;-418.628998;2050.299805;101.307632;-150.162857;1998.532349;300.030304;-119.233200;1601.751587;180.122162;286.657471;1641.873413;169.398956;423.549744;1485.417969;-91.353554;-149.853119;2001.323486;-236.704056;-114.839020;1582.869507;-154.188217;304.826477;1623.235352;-191.536911;428.664307;1481.989990;6.528067;-778.110474;2173.512451;64.178909;-786.490601;2004.731079;77.486267;-834.728210;2041.666138;95.735466;-852.638489;2180.190918;24.610012;-825.519287;2019.430176;-78.475128;-839.856140;2121.230469
0.000000;-150.000000;2000.000000;1.773060;-305.166077;2123.448242;2.603051;-447.894531;2192.424316;6.300101;-689.137939;2188.503174;43.077705;-649.077698;2191.735107;188.790970;-609.088257;2142.611084;203.691360;-316.303619;2051.002930;-42.904205;-272.389862;1990.037109;-66.529823;-174.475677;1953.855347;-90.849319;-289.129272;1927.651489;-65.078018;-156.167557;1880.219727;-31.664831;-649.513550;2188.903076;-163.330536;-619.983276;2132.712891;-145.816513;-335.127899;2004.296387;110.123619;-380.062988;2029.260498;222.744553;-385.946594;2052.954590;284.290833;-366.036499;2151.701904;235.681671;-418.820038;2045.157349;101.328156;-150.290604;1998.179443;301.997803;-121.008972;1602.123657;181.533569;284.933044;1641.226074;171.135284;422.151062;1484.961792;-91.372055;-149.737961;2001.641846;-233.724655;-113.806625;1582.112793;-152.217957;306.043152;1623.788696;-189.863861;428.285583;1481.171143;8.235333;-778.425171;2172.157715;61.127090;-786.070679;2001.741211;77.011688;-833.657837;2038.528687;99.892601;-850.143188;2176.579590;23.228224;-826.219543;2017.818237;-76.340416;-843.101746;2122.735352
0.000000;-149.999985;2000.000000;1.877931;-305.116211;2123.507813;2.793016;-447.804810;2192.563477;6.864512;-689.047180;2189.039307;43.583168;-648.924011;2192.154541;189.117508;-608.722656;2142.676758;203.139801;-316.104126;2050.406738;-43.644211;-272.649414;1989.881470;-67.310158;-174.726669;1953.750854;-91.566757;-289.397949;1927.568604;-65.711243;-156.293365;1880.204468;-31.161993;-649.482117;2189.424805;-163.016937;-620.284668;2133.506836;-146.424637;-335.652161;2004.478638;109.702896;-380.104462;2028.348877;222.700348;-385.406433;2050.322266;287.247131;-362.923218;2146.569336;235.611664;-418.581268;2043.762329;101.327301;-150.244232;1998.152588;301.789825;-121.295685;1601.969971;181.297241;284.647766;1640.947754;170.739410;421.509827;1484.383545;-91.371284;-149.779724;2001.665894;-234.015778;-114.372726;1582.193848;-152.667648;305.556519;1623.354736;-190.310135;427.738037;1480.685303;8.918156;-778.357910;2172.839844;60.843384;-787.670471;2002.210327;76.795944;-834.974365;2039.331787;100.393745;-850.298401;2177.395020;22.920269;-827.564880;2018.852661;-76.113091;-843.226013;2124.462402
0.000000;-150.000015;2000.000000;2.425315;-304.831879;2123.151611;3.793440;-447.921326;2190.546387;9.331074;-688.625366;2191.275146;45.699211;-648.318115;2193.997070;191.410019;-608.407593;2145.950684;201.153656;-315.682983;2055.747314;-43.751305;-272.627136;1989.958008;-67.577003;-174.554062;1955.061279;-91.190979;-289.312683;1929.911499;-65.883835;-155.531784;1881.556274;-28.849543;-649.381226;2190.643555;-160.693466;-620.281860;2135.498047;-145.632111;-335.741150;2007.762817;109.966591;-380.317291;2030.748535;222.811035;-387.866486;2051.481445;283.574463;-364.849915;2149.724609;235.805405;-419.165283;2047.422485;101.102440;-149.929214;1998.097900;302.444763;-119.882523;1603.550171;181.642899;284.821960;1644.174561;170.102783;419.767700;1486.630859;-91.168518;-150.063843;2001.715210;-236.161133;-115.378525;1584.031860;-152.963104;303.217285;1625.168701;-189.711151;427.489075;1484.656006;12.055296;-777.992615;2176.690430;65.376274;-787.235962;2006.902710;80.426575;-834.739319;2043.915771;102.494972;-850.781738;2181.832520;26.950150;-826.686401;2023.002075;-73.024826;-841.612976;2127.380371
0.000000;-150.000000;2000.000000;2.891100;-304.749634;2123.223633;4.748080;-448.149841;2189.917480;8.547790;-688.872559;2189.718750;45.220512;-648.841919;2192.361816;190.938843;-609.506958;2143.900635;201.821304;-317.630157;2051.184814;-44.342773;-272.036591;1992.226807;-68.867226;-174.932236;1955.192505;-92.873619;-289.527222;1929.708496;-66.944572;-156.766647;1882.191895;-29.348471;-649.354614;2189.472656;-162.045868;-620.056824;2136.549805;-147.609070;-335.715088;2008.351074;107.970558;-380.129700;2031.662354;220.952911;-387.782776;2051.545898;282.078583;-363.686554;2149.294922;233.751892;-418.425018;2047.209717;101.097229;-149.504730;1998.250000;299.862244;-120.937759;1602.321411;180.401962;284.116272;1643.132202;168.868744;421.041870;1487.324219;-91.163811;-150.446594;2001.578003;-235.811554;-115.792267;1583.804077;-154.005310;303.079773;1624.621094;-191.604248;427.842896;1484.787842;10.533899;-778.195801;2174.787109;59.058067;-790.698730;2003.786255;76.512688;-836.728149;2041.590698;103.076630;-848.331726;2179.149658;22.242363;-830.711365;2022.095947;-74.148453;-845.438171;2129.807129
0.000000;-150.000015;2000.000000;2.386194;-306.019073;2122.239990;3.940349;-447.399414;2193.797363;9.441507;-688.519409;2189.861328;45.897926;-648.201660;2193.191895;190.958328;-607.687866;2142.771484;203.007019;-315.359161;2049.678711;-43.865448;-271.588531;1990.148193;-67.709885;-173.889328;1953.646729;-91.787628;-288.652893;1927.907471;-65.971130;-155.518326;1880.327026;-28.804218;-649.193237;2190.166992;-160.762497;-619.088989;2135.119141;-147.353485;-334.854767;2005.121948;108.768768;-379.097687;2028.393921;222.024033;-385.987457;2048.281250;282.215698;-363.060547;2147.157227;236.240936;-418.417297;2048.289551;101.294968;-149.681641;1998.429077;301.032715;-120.506729;1602.078247;181.240356;285.550232;1640.343262;170.759781;424.089783;1485.357666;-91.342133;-150.287125;2001.416626;-236.325287;-114.327576;1582.965454;-152.912720;305.082520;1623.656616;-190.163834;429.561890;1482.978027;12.082865;-777.754822;2173.517090;60.303646;-789.910278;2002.049316;77.286240;-836.446960;2039.642700;103.952866;-849.163940;2177.359375;22.961134;-829.653015;2020.224854;-73.633865;-843.843201;2128.201416
0.000000;-150.000000;2000.000000;2.437143;-306.029633;2122.272949;4.037992;-447.418091;2193.864746;9.710598;-688.570557;2189.989258;46.142048;-648.220703;2193.334473;191.232651;-607.659302;2142.965820;203.279831;-315.323517;2049.746094;-43.684887;-271.588989;1990.407715;-67.581383;-173.902512;1953.859985;-91.705559;-288.686371;1928.172485;-65.922226;-155.588364;1880.501099;-28.568344;-649.265198;2190.260010;-160.506973;-619.239563;2135.065430;-147.008133;-334.995056;2004.989502;109.108879;-379.254639;2028.713867;222.369843;-386.089417;2048.685547;284.155151;-361.980713;2146.310303;236.760941;-418.657104;2050.412109;101.309769;-149.647934;1998.430054;300.677582;-120.491669;1601.818237;180.992401;285.686615;1639.822876;170.300369;423.560333;1484.218262;-91.355484;-150.317490;2001.415771;-236.133453;-114.546036;1582.807861;-153.063095;304.997162;1623.493530;-190.312241;429.368805;1482.680908;12.425369;-777.821045;2173.665527;61.957554;-790.135010;2002.555664;78.764191;-836.583008;2040.352417;104.434685;-849.031006;2178.303955;24.562622;-829.938110;2020.516602;-72.817810;-844.178223;2127.807617
0.000000;-149.999985;2000.000000;1.297793;-305.437103;2122.974609;2.023525;-449.021240;2189.990479;5.691592;-690.189575;2188.777832;42.458862;-650.116943;2191.543945;188.810364;-610.635681;2144.159180;202.310303;-318.152161;2051.820313;-44.350975;-273.834717;1991.891602;-67.930702;-176.334167;1954.713501;-92.324165;-291.121521;1929.417480;-66.066261;-158.303741;1881.488281;-32.252525;-650.576050;2188.747559;-164.653137;-621.122559;2134.439941;-146.971924;-336.422729;2006.030884;108.941757;-381.728180;2029.365234;222.124329;-388.934692;2049.509521;281.931458;-366.352966;2148.688965;236.220154;-421.015198;2049.105957;101.295891;-149.968170;1998.971191;300.843353;-121.690964;1602.491577;180.938324;284.227539;1641.559448;170.246887;420.178955;1484.330566;-91.342964;-150.028656;2000.927734;-236.507294;-117.655716;1582.276978;-153.191986;301.632690;1624.112061;-190.934174;427.067322;1484.433105;7.609994;-779.616211;2173.441895;65.271339;-788.537109;2004.723877;78.660843;-836.601318;2041.837158;96.934166;-853.946899;2180.406250;25.778072;-827.572815;2019.568481;-77.267212;-841.701355;2121.402832
0.000000;-150.000000;2000.000000;1.525743;-305.336182;2122.715820;2.384550;-448.473755;2190.233887;5.640287;-689.360596;2189.645996;42.418427;-649.391968;2192.484375;188.155869;-609.787598;2143.961914;199.491791;-316.373932;2055.593750;-45.409042;-273.503998;1989.083862;-69.353989;-175.288025;1954.480957;-93.362602;-290.087433;1929.558350;-67.630852;-156.245758;1880.680786;-32.189667;-649.730286;2189.334961;-163.917511;-620.669739;2133.667969;-147.939667;-335.859528;2006.199097;107.745537;-381.047791;2028.748657;220.250290;-387.429047;2051.946289;281.879486;-366.694183;2150.240967;233.535736;-419.375946;2046.539185;101.172142;-149.966049;1998.784912;300.185425;-121.916428;1602.619995;179.866974;283.401672;1641.093872;168.822403;420.070557;1484.845337;-91.231369;-150.030609;2001.095459;-237.781158;-116.194092;1583.610840;-154.893661;302.710938;1624.839111;-191.814041;427.905151;1485.040161;7.476294;-778.721313;2174.562500;63.934017;-793.035034;2006.035767;78.024147;-839.582092;2044.667236;97.433891;-851.854370;2183.451660;24.963720;-831.835876;2022.520386;-77.085411;-843.295166;2125.437500
0.000000;-150.000000;2000.000000;1.608618;-305.337341;2122.692871;2.541690;-448.455597;2190.226807;6.108604;-689.322571;2189.655762;42.834389;-649.308716;2192.467773;188.508713;-609.594238;2143.879395;199.801361;-316.276703;2055.255127;-45.303318;-273.357056;1989.597778;-69.329193;-175.210724;1954.874756;-93.523148;-290.011658;1930.176392;-67.809196;-156.358047;1880.974731;-31.770367;-649.743835;2189.365234;-163.606552;-620.843994;2133.896484;-148.113129;-336.087280;2006.297119;107.635201;-381.183350;2028.109863;220.424515;-387.297546;2049.919189;285.032471;-364.508575;2145.807617;233.627045;-419.595093;2045.561157;101.165520;-149.916367;1998.779541;300.065430;-121.496399;1602.616089;179.458801;283.667938;1641.503296;168.057022;420.506683;1485.446777;-91.225403;-150.075409;2001.100586;-237.608505;-116.348557;1583.578857;-155.078049;302.600372;1624.789429;-192.054459;427.779022;1485.008179;8.050698;-778.676270;2174.579102;64.057404;-791.055176;2005.761108;78.077957;-838.130371;2043.766479;97.771744;-852.216553;2182.329590;24.995716;-829.925537;2021.848022;-76.842369;-842.333496;2124.851074
0.000000;-150.000000;2000.000000;2.816648;-305.130432;2123.696289;4.356927;-448.042419;2192.534668;9.933004;-689.437500;2190.032715;46.422085;-649.046265;2193.050781;191.266586;-608.485352;2141.525391;202.287613;-314.702728;2051.863281;-44.075844;-272.502106;1988.052612;-66.697296;-174.014832;1952.569580;-90.954170;-289.077576;1927.752441;-65.261101;-155.411087;1878.740845;-28.365416;-650.079956;2190.179199;-159.734299;-620.656738;2132.980957;-146.832642;-335.802155;2003.487183;109.714691;-379.883789;2025.473267;222.354965;-385.956024;2049.418701;284.192474;-365.654144;2148.002930;236.868164;-419.275146;2049.176758;101.388123;-150.048767;1997.630249;299.949860;-120.742340;1600.166504;181.942749;286.260681;1638.968384;171.275696;421.368958;1480.702393;-91.426140;-149.956009;2002.136963;-233.518021;-114.239227;1582.171753;-150.280838;305.620911;1623.421997;-189.706650;428.393127;1481.562256;12.572834;-778.864014;2174.202148;65.911125;-787.169434;2003.825073;81.560829;-834.735229;2040.813965;104.052979;-850.911194;2179.065674;27.816753;-827.179321;2019.930420;-72.142128;-843.456482;2124.713379
0.000000;-150.000000;2000.000000;1.567350;-304.883545;2123.339600;2.211114;-447.439941;2192.139648;6.615321;-688.325989;2188.753418;43.222614;-648.208496;2191.862305;188.016342;-607.963989;2141.010254;201.530975;-314.707245;2052.249268;-44.155960;-271.825867;1988.537598;-67.467049;-173.748535;1953.064087;-91.692795;-288.551727;1928.271973;-65.925514;-155.201065;1879.364746;-31.411055;-648.871582;2189.096191;-162.547073;-619.187439;2132.308105;-147.497238;-335.209167;2002.758057;108.421211;-379.551117;2024.843750;221.658615;-389.041443;2042.950317;285.374512;-362.146118;2138.404541;235.769974;-418.293976;2046.908813;101.179474;-150.415298;1998.192627;299.641785;-121.557922;1601.725464;181.497375;284.524750;1639.659546;170.701248;421.798553;1483.877930;-91.237976;-149.625519;2001.629761;-233.690857;-113.952255;1582.802734;-152.056839;305.403412;1622.680054;-190.509491;430.189240;1482.885132;8.799505;-777.512085;2172.627197;60.791344;-791.178833;2002.584961;77.568672;-836.943970;2041.093750;101.415611;-847.522461;2179.349121;23.645695;-831.150757;2020.459229;-74.936806;-845.268921;2126.414795
0.000000;-150.000000;2000.000000;2.329397;-305.899567;2122.583984;3.849837;-447.942810;2193.029541;9.521084;-689.229736;2191.520264;45.963417;-648.832153;2194.553711;190.849808;-607.590454;2143.926270;200.902618;-314.469910;2052.499023;-45.082802;-271.759644;1988.064819;-67.968910;-173.072449;1953.471191;-91.937614;-288.217499;1929.033813;-66.531448;-154.058136;1879.515747;-28.773451;-649.904907;2191.322510;-159.810226;-619.360840;2134.126953;-147.425690;-335.120178;2003.595947;108.741035;-379.553131;2027.740356;221.625443;-387.774933;2049.535400;284.005096;-364.473969;2147.041992;235.250992;-418.390137;2048.936523;101.356461;-149.648682;1998.520752;300.057098;-120.025452;1601.385864;180.993988;286.328033;1641.540527;169.842468;420.548004;1482.682861;-91.397583;-150.316772;2001.333862;-235.800354;-114.705521;1582.371948;-153.010620;305.037323;1623.596558;-190.721802;428.661713;1482.133789;12.268600;-778.675415;2176.067871;59.953789;-786.126831;2004.071411;75.437424;-834.569214;2039.925659;101.798553;-853.197388;2177.113037;21.317125;-825.284790;2020.866943;-75.662437;-840.249390;2128.510498
0.000000;-149.999985;2000.000000;2.077958;-304.970642;2123.811035;3.417383;-448.158630;2191.961426;8.678047;-689.495972;2192.817627;45.189339;-649.126343;2195.530273;190.626038;-608.758667;2145.704102;202.534790;-316.062897;2052.985352;-43.837345;-273.372070;1989.866943;-67.877121;-174.630249;1956.170776;-91.983864;-289.717590;1931.505615;-66.507553;-155.289459;1881.861938;-29.554447;-650.103760;2192.159180;-161.321472;-620.476685;2136.111816;-146.481140;-336.214996;2005.764282;109.734711;-380.921173;2029.321045;222.342010;-388.672180;2052.756348;284.045013;-365.124084;2150.655762;235.551788;-419.154541;2049.955078;101.375275;-149.657379;1998.727539;300.458008;-121.248505;1601.616699;181.195953;285.088928;1642.052246;170.261597;422.503601;1485.890625;-91.414536;-150.308929;2001.147583;-236.724548;-116.637756;1582.264648;-153.294403;302.833252;1625.616211;-190.329773;427.527222;1484.874512;11.303144;-779.106934;2178.241699;59.161655;-787.430725;2006.304321;76.528458;-834.672119;2042.907593;103.663933;-850.096252;2180.364258;22.071331;-827.789185;2023.762085;-74.217606;-844.790344;2131.753662
0.000000;-150.000015;2000.000000;1.834836;-305.369965;2123.444824;3.353103;-447.499634;2193.919434;7.986422;-688.950684;2194.268799;44.617134;-648.665588;2197.078125;189.487442;-607.623901;2145.959473;201.255783;-314.706909;2053.502197;-44.903763;-271.716431;1989.331787;-69.103905;-172.805878;1956.108398;-93.118668;-287.998932;1931.606079;-67.788986;-153.233810;1881.684448;-30.158808;-649.441406;2193.682617;-161.399719;-619.397461;2136.477051;-148.887421;-334.998108;2005.875977;107.694244;-379.241150;2027.433960;220.572281;-386.957428;2049.787109;281.839050;-363.244324;2147.979248;235.017441;-418.433228;2053.032715;101.420990;-149.106400;1999.617188;300.008148;-120.882019;1602.039551;179.910751;285.309998;1643.301270;169.136520;422.198914;1486.553223;-91.455765;-150.805832;2000.345093;-240.448746;-114.852264;1582.753052;-154.567230;304.355286;1625.621582;-191.576614;429.146606;1484.851807;10.383058;-778.574219;2179.499023;58.087166;-786.574341;2007.426636;75.523468;-833.890564;2043.943726;102.820694;-849.548584;2181.401367;21.020504;-826.999268;2024.859009;-75.187263;-844.247192;2132.964844
0.000000;-150.000000;2000.000000;2.779197;-304.718079;2123.960938;4.482413;-447.714020;2192.329834;7.506704;-688.974121;2193.259277;44.412292;-648.964355;2195.379883;189.305511;-608.781982;2144.084229;200.684921;-315.047119;2055.148926;-44.879860;-272.934845;1989.068481;-68.988884;-173.818298;1956.711304;-92.882133;-288.927002;1932.218140;-67.733658;-153.939743;1882.120239;-30.344828;-649.246582;2193.166992;-162.456421;-619.549438;2138.159668;-148.267776;-335.860352;2006.855103;108.168236;-380.355774;2026.746338;219.510590;-385.363037;2055.983398;281.989990;-366.725708;2154.379395;234.032578;-419.414703;2053.881836;101.317169;-149.700623;1998.102173;300.163452;-121.717926;1601.081055;180.022827;284.043060;1642.551880;168.415283;421.815521;1486.887695;-91.362160;-150.269958;2001.711304;-238.950027;-114.866638;1583.994751;-153.105103;303.984772;1626.578735;-191.581253;427.454865;1485.270508;9.070629;-778.570007;2178.708984;57.527153;-787.249268;2007.045654;73.363144;-835.147339;2043.438477;99.341309;-852.109619;2180.868408;19.245375;-826.627075;2024.074951;-77.985886;-841.519897;2131.437744
0.000000;-150.000000;2000.000000;2.762333;-305.559906;2122.966797;4.396619;-449.002380;2190.469238;7.480507;-690.305786;2192.108887;44.391392;-650.273804;2193.980957;188.981949;-610.122070;2141.718506;200.516525;-316.247864;2053.053711;-44.954254;-273.319489;1986.949707;-69.342735;-174.209381;1954.712280;-92.877129;-289.468628;1930.464355;-67.849892;-154.163971;1880.160522;-30.387798;-650.579224;2192.030762;-162.243912;-621.402344;2136.063477;-148.914154;-338.592010;2002.642456;108.182732;-380.667297;2019.754639;219.721710;-387.428162;2047.961304;277.194275;-356.966187;2146.486816;232.236710;-419.777161;2046.515503;101.335236;-149.794159;1997.984131;300.072113;-122.177597;1600.783691;180.089798;283.778809;1641.661255;169.133896;421.405823;1485.766113;-91.378426;-150.185608;2001.817993;-239.387482;-115.110428;1584.128906;-153.246750;303.862366;1625.772095;-191.690094;426.855896;1483.988403;9.014324;-779.962158;2177.817871;57.693081;-785.270935;2006.043213;75.901695;-832.548401;2042.158081;102.812340;-848.998596;2179.499512;21.402100;-826.588257;2022.873657;-74.901024;-846.859802;2130.231445
0.000000;-150.000000;2000.000000;2.896629;-306.163605;2122.168945;4.894702;-447.806549;2193.330566;8.494205;-689.084106;2191.966309;45.299782;-649.004822;2194.608154;189.554092;-608.439575;2141.779785;202.327515;-316.101501;2048.421387;-44.794498;-271.975586;1989.762573;-69.343933;-173.760468;1955.034546;-93.670120;-288.799255;1930.572266;-67.621994;-154.813370;1880.984985;-29.456142;-649.442505;2192.111328;-160.442108;-618.886230;2134.883301;-148.460449;-336.002502;2001.552124;107.573685;-380.469177;2026.444580;220.729401;-387.020630;2047.250122;275.921051;-350.229034;2144.903809;233.240036;-418.586487;2047.003052;101.332214;-149.378525;1998.391724;299.494690;-119.478973;1601.112061;180.514725;286.738708;1641.948120;169.275238;423.666626;1485.482422;-91.375702;-150.560425;2001.450195;-238.613235;-114.642487;1583.600464;-153.102936;304.435425;1625.108765;-192.053909;429.872864;1485.645752;10.327463;-778.542969;2176.564941;64.069260;-787.033081;2006.451294;79.005348;-834.855347;2043.333130;100.839096;-851.671204;2181.516113;25.461678;-826.588989;2022.314331;-74.956512;-841.912415;2126.663086
0.000000;-150.000000;2000.000000;2.854226;-306.175018;2122.148438;4.807096;-447.853851;2193.232422;8.039303;-689.130737;2191.753906;44.907242;-649.109436;2194.380371;189.166855;-608.772522;2141.402344;202.332336;-316.535187;2047.804565;-44.829933;-271.838959;1989.774902;-69.218269;-173.588943;1955.039185;-93.861732;-288.593079;1930.744751;-67.609924;-154.690857;1880.978516;-29.849913;-649.432617;2191.951904;-160.845276;-618.707275;2134.843994;-148.679825;-335.870331;2001.445923;107.353165;-380.565338;2025.878174;220.603653;-387.045288;2046.170532;276.552826;-349.042450;2142.921875;233.091232;-418.605591;2046.427368;101.330040;-149.417755;1998.376709;299.463501;-119.547043;1601.091187;180.619614;286.695709;1641.979858;169.377411;423.669159;1485.559937;-91.373756;-150.525055;2001.463745;-238.898514;-114.526947;1583.732300;-153.141464;304.506927;1625.079590;-192.071198;429.771454;1485.461182;9.722721;-778.583252;2176.310059;61.672989;-786.731689;2005.627930;76.256844;-835.012817;2042.047729;99.182800;-853.068726;2179.894043;22.640598;-825.817749;2021.611450;-76.970848;-840.352417;2126.838379
0.000000;-150.000000;2000.000000;2.830973;-306.210205;2122.147949;4.763755;-447.890198;2193.278809;7.967113;-689.202209;2192.097168;44.845543;-649.176636;2194.665527;189.159103;-609.039978;2141.617188;202.752609;-316.919708;2047.577881;-44.504856;-271.858185;1990.081909;-68.836365;-173.608093;1955.261230;-93.786850;-288.600708;1931.145020;-67.442108;-154.826553;1881.160278;-29.922482;-649.493774;2192.255615;-160.965271;-618.892273;2135.138672;-148.955505;-336.270142;2001.171875;107.172974;-380.789246;2025.304688;220.574036;-387.055511;2044.901001;277.734741;-347.872009;2140.485840;232.812683;-418.505493;2044.581177;101.344025;-149.432037;1998.377563;299.604095;-119.532104;1601.088989;180.651978;286.719055;1642.183716;169.421005;423.922241;1485.926514;-91.386353;-150.512146;2001.463013;-238.999146;-114.297836;1583.716431;-153.037811;304.751038;1625.100220;-191.786346;429.520630;1484.953125;9.636221;-778.686157;2176.761230;61.371998;-787.149658;2006.003906;76.259224;-835.238953;2042.569092;99.491699;-852.713684;2180.458496;22.558216;-826.384460;2022.182251;-76.829788;-841.070679;2127.626953
0.000000;-149.999985;2000.000000;2.745774;-305.745239;2122.356445;4.830680;-448.060974;2191.768066;8.311396;-689.081116;2192.301758;45.087917;-649.043274;2194.748047;190.064377;-611.552856;2142.145020;202.781433;-319.515808;2048.935547;-43.146458;-270.384216;1990.469116;-69.032150;-172.705612;1955.557251;-93.474068;-287.873444;1932.498779;-67.296127;-153.770813;1881.774536;-29.578342;-649.464844;2192.012695;-160.678009;-620.402222;2134.672852;-148.305023;-338.074524;2000.997803;108.031906;-380.149719;2023.874268;220.667160;-387.083374;2046.598145;274.931183;-342.407104;2141.282227;231.955811;-417.885315;2046.611450;101.226784;-149.010941;1998.987305;300.891785;-120.662537;1602.889526;180.862457;284.792419;1643.421021;165.886139;425.301697;1490.791504;-91.280632;-150.891876;2000.913208;-239.620438;-114.538086;1584.005737;-153.523621;303.981873;1625.093872;-191.011658;429.786072;1485.846558;10.148810;-778.561157;2177.622559;60.032524;-786.502136;2006.513794;76.082657;-834.219727;2042.946533;101.110939;-851.039612;2180.429443;22.085428;-826.277771;2023.174683;-75.744560;-842.343323;2129.628418
0.000000;-150.000015;2000.000000;2.807047;-305.864441;2122.510254;4.981737;-447.957428;2192.716797;8.539890;-689.201782;2194.422363;45.321892;-649.101440;2196.920898;190.667191;-611.314636;2145.095215;201.850739;-319.699219;2049.433594;-44.367973;-269.727753;1991.823120;-69.621330;-172.317093;1955.417847;-94.003372;-287.668671;1932.618164;-67.750610;-153.861267;1882.070923;-29.396172;-649.562866;2193.696289;-160.020889;-620.609497;2134.879883;-149.707062;-338.551849;1999.767700;106.816971;-379.759399;2024.864746;219.906174;-387.132813;2045.673218;276.498260;-350.354553;2142.508301;233.152649;-417.921631;2049.287109;101.323395;-148.913162;1999.061035;299.540833;-120.899582;1601.736694;179.274445;284.766846;1643.688232;165.233353;426.184814;1491.538574;-91.367760;-150.980072;2000.846558;-240.836060;-115.097397;1583.848511;-154.495941;303.833801;1624.526855;-191.351700;429.863892;1485.063354;10.504011;-778.835693;2180.167969;58.217735;-786.550720;2008.254028;75.162033;-834.141113;2044.549561;102.180649;-850.624695;2181.834473;20.790701;-826.659851;2025.472168;-75.570717;-843.438660;2133.336426
0.000000;-149.999985;2000.000000;2.802800;-305.903076;2122.475830;4.975441;-448.029388;2192.631836;8.508570;-689.285645;2194.272949;45.296799;-649.187988;2196.777832;190.628906;-611.412354;2144.884277;201.779144;-319.840179;2049.041992;-44.484070;-269.774567;1991.650757;-69.717949;-172.356293;1955.237915;-94.173744;-287.712158;1932.509888;-67.893349;-153.910706;1881.894043;-29.425159;-649.640747;2193.562012;-160.066406;-620.643188;2134.787598;-149.725449;-338.553101;1999.711792;106.823883;-379.828949;2024.561157;219.975906;-387.161194;2045.069458;277.081512;-350.039368;2141.477295;233.176910;-417.948761;2048.595215;101.328094;-148.912018;1999.065918;299.697327;-120.655487;1601.811768;179.321014;284.988281;1643.864136;165.263275;426.572937;1491.857910;-91.371994;-150.981049;2000.842163;-240.795258;-114.905365;1583.822998;-154.422180;304.008057;1624.822388;-191.290268;430.175964;1485.474609;10.461561;-778.920044;2179.994141;58.171608;-786.577332;2008.068237;75.104523;-834.189514;2044.345215;102.122894;-850.738037;2181.628906;20.732307;-826.685242;2025.271240;-75.635750;-843.483154;2133.135742
0.000000;-150.000000;2000.000000;2.993042;-305.904480;2122.476074;5.354313;-448.010010;2192.674805;8.897237;-689.265259;2194.998291;45.686981;-649.158691;2197.357422;191.081635;-612.379272;2144.916748;201.956879;-320.740143;2049.227051;-43.549461;-269.527679;1989.624634;-69.551315;-171.712524;1954.846313;-93.655457;-287.238434;1932.598633;-67.755157;-152.547333;1881.144897;-29.039209;-649.623047;2194.207520;-159.794495;-620.414795;2135.784912;-149.475479;-338.813416;1999.677124;107.314651;-379.490051;2023.037476;220.166885;-387.023438;2045.080566;275.937805;-354.540985;2143.916992;233.339905;-417.929291;2046.347778;101.328690;-148.759460;1999.102783;300.237213;-119.064789;1602.213257;179.909821;286.661957;1643.687256;165.810135;427.797821;1491.262451;-91.372536;-151.118668;2000.808960;-239.290298;-114.043716;1583.331421;-154.028519;304.886078;1626.520874;-190.851547;429.386810;1485.664673;10.840965;-778.941650;2180.971924;57.088028;-786.760742;2008.650024;74.476639;-834.258911;2044.863037;102.729744;-850.484375;2181.939453;19.918381;-826.950439;2026.246338;-75.465591;-843.845337;2134.970703
0.000000;-150.000000;2000.000000;2.994025;-305.903076;2122.475586;5.356072;-448.008362;2192.672607;8.903788;-689.261963;2194.991699;45.692467;-649.154907;2197.351807;191.085083;-612.374268;2144.909668;201.964569;-320.744812;2049.197754;-43.549026;-269.518005;1989.645142;-69.550629;-171.704132;1954.865479;-93.668373;-287.228973;1932.631714;-67.768738;-152.544708;1881.162598;-29.033192;-649.620605;2194.201416;-159.787384;-620.413635;2135.778320;-149.471420;-338.812622;1999.674683;107.318253;-379.482635;2023.032104;220.173691;-387.003632;2045.059082;275.960571;-354.490723;2143.875488;233.340469;-417.903076;2046.294556;101.327988;-148.759033;1999.102539;300.220825;-119.076111;1602.207764;179.901672;286.650238;1643.679565;165.802963;427.762482;1491.234741;-91.371918;-151.119034;2000.809204;-239.290588;-114.045959;1583.334961;-154.030930;304.881439;1626.521973;-190.858063;429.389069;1485.674805;10.849369;-778.937378;2180.963867;57.119518;-786.751831;2008.649170;74.516060;-834.243530;2044.866211;102.756279;-850.455200;2181.945801;19.958551;-826.950317;2026.242432;-75.433777;-843.865356;2134.955078
0.000000;-150.000000;2000.000000;2.084036;-305.431427;2122.183105;3.441319;-448.589905;2189.178223;7.247012;-689.135376;2192.966309;43.866383;-649.083984;2195.336426;189.978012;-607.955933;2149.963867;203.574615;-323.085388;2038.358765;-21.239336;-278.853119;1921.856201;-47.813507;-181.412582;1956.315674;-49.985489;-295.227539;1919.145386;-77.014870;-139.657684;1876.336426;-30.622423;-649.658569;2191.673828;-161.423492;-621.389954;2133.935059;-148.424927;-339.778015;2000.144287;107.634651;-380.957092;2022.319946;219.529999;-388.556580;2047.308838;277.447754;-362.710693;2146.467285;232.934250;-419.248230;2046.869751;101.043304;-149.625763;1998.752563;299.580414;-120.540222;1603.052002;179.445618;284.269531;1641.540649;165.189590;426.812012;1491.263184;-91.115204;-150.337463;2001.124878;-235.463989;-115.004395;1583.592407;-153.534515;303.452820;1625.642578;-191.881104;427.745422;1485.753174;9.391294;-778.636353;2179.531738;57.818916;-785.471008;2008.296753;75.711266;-832.447021;2044.641479;102.503098;-847.999878;2181.677734;21.402628;-826.326904;2025.392578;-74.683052;-845.187195;2132.610840
0.000000;-150.000015;2000.000000;2.434161;-305.730652;2121.999023;4.019876;-449.235260;2188.484375;8.585215;-689.922485;2192.161621;45.128735;-649.736511;2194.194824;190.588013;-613.183533;2142.850342;214.295517;-322.609558;2048.425781;-32.708317;-278.561066;1991.825439;-57.871357;-179.791138;1959.980347;-71.875931;-296.847961;1938.532227;-68.704102;-160.201263;1889.437500;-29.437153;-650.533936;2191.244141;-160.827484;-621.946106;2134.780518;-148.039352;-340.450806;2000.262695;108.129257;-381.083099;2024.072998;221.093124;-388.437012;2044.189087;278.576172;-360.958038;2143.250488;235.010666;-419.534851;2045.549316;101.104691;-149.553116;1998.553223;301.837952;-119.134735;1603.744995;180.092651;285.453552;1642.475708;166.471237;426.623657;1490.668945;-91.170532;-150.403015;2001.304688;-236.720978;-114.790695;1583.913574;-153.535995;303.697571;1625.968750;-190.260071;427.769592;1485.284180;10.870110;-779.469604;2178.670410;60.039356;-788.178650;2007.613770;77.866379;-834.739868;2044.586304;104.138123;-848.700867;2181.985596;23.593058;-828.921143;2025.035767;-72.962662;-846.725159;2132.137695
0.000000;-150.000000;2000.000000;2.477491;-305.852661;2122.029297;4.161553;-449.601624;2188.202637;8.654089;-690.444702;2190.780762;45.213852;-650.254333;2193.236816;190.981873;-613.539612;2142.603271;214.557755;-322.656219;2048.520020;-33.097610;-279.465485;1993.444946;-58.156822;-180.885452;1960.732666;-73.627716;-297.930267;1939.843994;-68.384018;-161.782776;1889.790527;-29.375303;-651.020020;2189.805664;-160.894623;-622.502014;2133.387695;-147.419968;-340.928558;1998.678101;108.771652;-381.920502;2023.270996;220.191345;-388.105225;2051.242188;282.774811;-367.699005;2148.994629;233.880829;-420.142975;2047.596191;101.164742;-149.418320;1998.688965;301.573212;-121.037994;1603.273804;180.156067;283.893738;1642.153442;166.810257;425.077637;1490.169434;-91.224686;-150.524521;2001.182251;-234.779999;-117.922470;1582.581543;-153.983643;301.284912;1624.679932;-189.846573;426.296570;1484.454834;11.006955;-779.980225;2176.876221;57.664536;-787.179871;2004.940186;76.421402;-833.870117;2041.346191;104.901352;-848.539612;2178.314941;21.782167;-828.344360;2022.648560;-73.049866;-847.620850;2131.141357
0.000000;-150.000000;2000.000000;2.498899;-305.873535;2122.034180;4.194859;-449.628296;2188.232422;8.769403;-690.492432;2190.942871;45.320946;-650.284546;2193.354492;191.072388;-613.554810;2142.634521;214.531723;-322.666992;2048.435791;-33.168201;-279.589417;1993.352661;-58.258282;-181.004700;1960.643311;-73.690079;-298.066986;1939.754883;-68.482071;-161.881180;1889.716553;-29.277458;-651.076965;2189.968506;-160.960388;-622.638123;2133.855225;-148.068207;-341.032440;1999.083862;108.299866;-381.984314;2022.131836;220.204742;-388.016846;2048.180420;285.740509;-366.963837;2143.853271;233.728241;-420.074219;2044.282227;101.174622;-149.418213;1998.671387;301.303070;-121.144348;1603.057007;180.036438;283.865173;1642.058105;166.440414;425.120789;1490.134521;-91.233597;-150.524628;2001.198120;-235.151123;-117.707031;1582.691650;-154.097183;301.480835;1624.924194;-190.062546;426.860291;1485.027832;11.143835;-780.043945;2177.085693;58.247524;-787.545532;2005.265747;77.133240;-834.044556;2041.860107;105.356964;-848.174072;2178.953125;22.508463;-828.825012;2023.014526;-72.501633;-848.213013;2131.351074
0.000000;-150.000000;2000.000000;3.279268;-306.084351;2121.497559;5.664439;-448.400818;2190.434082;8.355821;-689.118896;2191.809814;45.195683;-649.242676;2194.389160;191.296555;-614.591675;2143.594238;213.071747;-324.048248;2048.700195;-33.965111;-275.858215;1995.847046;-60.134682;-178.439835;1960.838745;-76.362183;-295.516327;1941.200806;-69.392532;-160.204422;1890.287354;-29.353670;-649.433105;2191.106445;-160.268494;-619.926514;2134.047852;-148.783478;-338.285919;1999.781372;107.133682;-379.459595;2025.065063;219.807404;-386.671783;2046.740723;282.115448;-363.547241;2143.967285;234.149170;-418.004730;2048.441650;101.091621;-149.013535;1998.538696;299.413605;-120.158417;1602.441406;179.163681;284.695892;1642.621460;165.289307;427.011688;1491.936768;-91.158768;-150.889526;2001.317627;-235.656952;-113.885086;1583.724121;-154.587830;305.027069;1625.298462;-191.583511;430.633820;1486.077881;10.009308;-778.539368;2177.466797;58.450485;-783.567749;2006.071777;77.339630;-830.366943;2042.197754;104.572594;-846.031616;2179.212891;22.871479;-825.263428;2023.007813;-72.771790;-846.607056;2130.263672
0.000000;-150.000000;2000.000000;2.402355;-306.359894;2121.142822;4.080036;-449.035522;2189.330566;8.334347;-689.708008;2191.684082;44.919304;-649.586670;2194.003418;190.844269;-611.976440;2144.866211;213.332733;-321.872589;2048.864014;-33.812752;-277.269501;1993.509033;-59.698395;-178.855392;1961.199829;-75.807999;-295.894226;1941.289307;-69.475273;-159.639664;1889.894165;-29.630760;-650.272705;2190.917480;-162.148895;-623.782104;2136.149902;-149.019531;-342.801056;2000.703979;107.399544;-379.772003;2027.197144;219.706238;-386.111267;2050.915283;281.679443;-365.754181;2148.962158;233.779327;-418.386963;2048.889648;101.091270;-149.398117;1998.772217;300.172729;-118.806488;1603.218384;180.345276;286.285980;1641.947998;166.374756;427.517792;1490.274170;-91.158440;-150.542725;2001.107178;-237.676605;-114.270844;1584.184082;-154.858185;304.249847;1625.969604;-191.234985;429.965729;1486.701172;10.529726;-779.168335;2177.703613;64.789627;-785.828979;2008.129028;81.229782;-832.989746;2044.968018;103.255081;-848.982788;2182.869385;27.613573;-826.581543;2023.875854;-72.217377;-845.269653;2127.745117
0.000000;-150.000000;2000.000000;3.122194;-305.965088;2122.108398;5.142380;-449.380920;2189.267822;9.665794;-690.395264;2192.380859;46.259724;-650.167480;2194.593506;192.300430;-613.348267;2144.456543;213.460129;-323.004761;2047.437744;-34.585064;-277.842468;1994.866089;-59.884045;-179.584183;1961.128296;-76.141441;-296.830170;1941.493774;-69.428391;-160.841217;1890.100708;-28.398209;-650.946045;2191.473389;-160.926788;-624.842957;2135.976563;-148.668854;-342.583008;2002.054077;108.231613;-381.000336;2025.421265;219.633072;-394.388123;2051.209473;284.209930;-378.997772;2148.688721;232.080978;-418.869598;2046.182251;101.230316;-149.467834;1998.091309;300.062500;-122.674438;1601.402588;179.330826;282.545105;1642.766602;164.791168;426.495117;1493.297363;-91.283829;-150.479874;2001.721069;-237.051086;-115.971161;1583.690186;-154.622253;303.293091;1625.286133;-191.348434;429.048157;1485.757935;11.968548;-780.028442;2178.661133;64.168114;-787.412720;2008.195801;80.858795;-834.625427;2045.010132;104.547295;-850.384888;2182.874023;26.937748;-828.001282;2024.535522;-71.834213;-845.953552;2129.837402
0.000000;-150.000000;2000.000000;2.343725;-305.668732;2121.708496;3.670750;-448.986450;2188.167480;9.507050;-689.355225;2192.574219;45.782181;-649.013794;2194.652344;191.376221;-612.365112;2144.334229;214.277237;-322.797729;2047.792358;-33.469574;-277.450287;1997.127075;-59.191216;-179.783356;1962.834351;-76.328629;-296.610077;1943.262085;-68.256721;-161.505188;1891.717529;-28.677824;-650.220520;2191.368164;-160.820236;-624.986206;2135.500000;-147.503845;-342.831451;2003.272339;108.723373;-380.251038;2028.387207;220.606689;-393.755768;2050.494873;284.338898;-378.707703;2148.230225;234.034180;-418.745300;2049.840820;100.982277;-149.918213;1998.159912;300.554749;-121.179184;1603.214722;180.253983;283.194946;1643.299438;164.434723;425.083618;1492.709229;-91.060150;-150.073746;2001.659058;-236.249496;-112.241486;1584.882690;-152.589355;305.661560;1626.762207;-190.548950;427.781189;1485.001831;12.332066;-778.824463;2179.374512;58.986649;-785.840210;2007.751465;78.335762;-832.098694;2044.214844;106.970657;-846.000427;2180.980225;23.721064;-827.361938;2025.541260;-70.671463;-847.584106;2133.906738
0.000000;-150.000015;2000.000000;2.137426;-305.931946;2121.654785;3.593922;-449.321533;2188.283203;9.763544;-689.906189;2191.801270;46.014114;-649.487915;2194.044678;192.030869;-612.444702;2144.817871;214.707657;-322.525360;2048.434082;-32.661270;-278.820618;1993.521851;-59.157104;-180.406113;1961.760254;-76.211243;-297.328339;1942.048218;-68.648705;-161.151917;1889.882324;-28.507807;-650.785522;2190.725586;-161.273895;-624.871338;2136.335938;-147.242218;-343.727448;2001.415527;109.397278;-381.119659;2024.638916;220.356644;-394.270294;2051.603027;283.801361;-379.706726;2149.721436;232.598785;-419.147461;2045.042114;101.079376;-149.501724;1998.862671;300.145111;-121.980026;1603.142090;180.156342;282.943054;1642.516846;165.471527;425.312683;1492.016602;-91.147736;-150.449356;2001.025391;-235.508957;-114.104904;1583.419678;-153.235458;304.390076;1625.945068;-190.688293;428.181396;1485.280029;12.718565;-779.399658;2178.258301;65.076675;-793.031250;2008.528076;82.706352;-838.172852;2047.282837;106.602287;-847.436279;2185.469238;28.756716;-833.583435;2026.591797;-69.519081;-849.010986;2132.433594
0.000000;-149.999985;2000.000000;2.288709;-305.575073;2122.261719;3.859968;-449.389465;2188.147705;8.472111;-690.105652;2192.779297;45.005302;-649.894897;2194.786621;191.024216;-612.632813;2145.486816;213.107697;-321.477295;2052.276855;-34.064339;-278.850372;1995.099731;-60.110134;-180.081451;1963.898682;-77.040520;-297.093231;1944.262695;-69.746147;-160.569214;1891.879028;-29.563725;-650.723267;2191.572510;-162.661865;-625.377075;2137.540527;-148.519897;-344.071381;2002.622559;108.300392;-380.972687;2026.032349;219.387177;-394.292847;2052.621338;283.340240;-379.214966;2150.399414;231.782486;-419.099670;2047.260620;101.127136;-149.430252;1998.831787;299.792908;-122.653687;1602.620605;180.124451;282.232422;1645.395142;164.205521;424.069763;1494.381104;-91.190773;-150.513748;2001.053223;-237.061478;-116.008362;1583.590332;-154.847748;302.624939;1626.933350;-191.072861;427.004456;1486.341309;10.827620;-779.721313;2179.642334;64.480644;-792.526550;2010.162598;80.835976;-838.474060;2048.575195;103.277031;-849.779846;2186.922363;27.158051;-832.544250;2027.445190;-72.428909;-847.145142;2132.269531
0.000000;-150.000015;2000.000000;2.145045;-305.386108;2122.654785;3.656903;-449.131714;2188.870361;8.167528;-689.968750;2193.204102;44.720139;-649.754089;2195.458008;190.786957;-611.601624;2146.744873;213.365173;-321.146362;2051.027588;-34.158241;-278.590271;1994.780762;-59.918842;-179.873688;1963.010376;-77.159592;-296.897217;1943.369873;-69.741745;-160.631012;1891.118896;-29.866375;-650.553406;2191.850586;-162.673477;-624.163452;2137.418213;-148.102066;-342.392426;2003.178467;108.736595;-380.718323;2025.432983;220.151764;-394.320496;2050.706543;283.591339;-378.499908;2148.768066;232.593796;-418.814362;2046.034912;101.176247;-149.401932;1998.988281;300.052246;-121.995102;1602.691284;179.167816;282.686340;1645.962891;164.867203;425.830994;1495.888916;-91.235069;-150.539322;2000.912231;-237.820816;-115.528320;1583.520020;-154.909683;303.231995;1626.303101;-191.514618;428.141541;1486.157471;10.563417;-779.609619;2179.953125;64.081085;-787.879578;2010.060913;80.925568;-834.600525;2047.360352;103.704231;-849.003967;2185.431396;27.136200;-828.657837;2026.443237;-72.189682;-846.676025;2131.078613
0.000000;-149.999985;2000.000000;2.520960;-305.626434;2122.455566;4.161428;-449.423218;2188.689941;8.415064;-690.347046;2193.173340;45.036690;-650.159058;2195.235840;191.060181;-613.141174;2145.349609;213.915497;-322.346924;2050.384277;-33.695797;-278.550903;1995.068848;-59.841286;-180.140869;1962.544434;-77.122139;-297.218536;1943.004272;-69.509483;-161.161133;1890.844238;-29.592403;-650.874756;2191.962402;-162.303528;-624.791748;2137.012695;-148.450424;-342.828552;2002.844116;108.454384;-380.894409;2025.844482;220.078995;-394.765381;2050.216309;283.643585;-379.213348;2148.289551;233.151627;-419.260132;2048.557129;101.206711;-149.529907;1998.513916;299.416870;-122.818085;1601.660889;179.493195;282.298401;1645.001953;165.714935;424.364380;1493.757324;-91.262543;-150.423859;2001.340088;-237.454880;-115.802017;1583.611450;-154.881989;303.166931;1626.520874;-191.605072;428.953613;1487.100586;10.648851;-780.031433;2179.969482;64.390015;-788.299133;2010.081665;81.058884;-835.117798;2047.373901;103.619537;-849.716919;2185.510742;27.295645;-829.002686;2026.382690;-72.255936;-846.843567;2130.905029
0.000000;-150.000000;2000.000000;2.220842;-306.337372;2121.355957;3.955521;-449.077515;2189.612793;8.696017;-689.877441;2191.787109;45.216595;-649.661499;2194.193848;190.842529;-612.033447;2143.910400;213.484955;-321.439850;2048.882813;-34.089497;-277.071075;1994.597168;-59.691605;-178.860611;1961.260864;-76.879753;-295.927643;1942.025513;-69.264778;-160.210464;1889.832764;-29.368931;-650.496460;2190.993164;-161.852173;-623.903564;2135.973633;-148.100296;-342.855682;2000.325195;108.625343;-379.700012;2025.422974;220.200043;-392.942352;2050.041260;283.334747;-377.824707;2148.373779;233.452988;-418.170715;2048.520508;101.150772;-149.103851;1999.303345;300.804138;-120.204605;1603.631592;179.712219;284.538513;1644.618042;166.158310;425.905579;1492.873047;-91.212097;-150.808090;2000.628296;-237.099792;-114.607132;1583.213989;-154.839539;304.274353;1624.950928;-191.056259;428.542358;1484.202271;11.094933;-779.372314;2177.732666;64.761467;-786.718994;2007.892944;80.712166;-834.120728;2044.696533;102.972916;-850.425659;2182.603516;27.087761;-827.009949;2023.761597;-72.706955;-844.423340;2128.000488
0.000000;-150.000000;2000.000000;2.624750;-306.101990;2121.007568;4.493073;-449.627014;2186.841309;8.586958;-689.931335;2191.063232;45.106041;-649.866150;2193.560059;192.289597;-614.237793;2147.531250;213.260986;-325.512878;2048.479004;-33.489120;-278.314819;1995.266479;-60.063641;-180.537598;1962.099976;-77.111343;-297.428528;1943.158813;-69.503838;-161.844543;1890.812256;-29.290096;-650.543945;2189.498535;-162.047211;-624.935913;2135.451416;-147.760239;-343.015167;2003.143188;108.446518;-381.678894;2025.238281;219.279861;-394.901031;2052.047852;283.211761;-379.915131;2149.601318;231.480362;-419.709473;2045.825317;100.945343;-149.241425;1998.789063;300.465820;-121.458450;1603.963745;179.275986;282.326019;1645.360229;165.897675;423.714020;1494.187256;-91.026863;-150.684036;2001.092163;-236.109787;-116.200195;1584.191528;-154.869171;301.979462;1626.182739;-191.311966;427.456757;1487.092529;10.918139;-779.367188;2177.808594;64.345657;-793.373657;2008.686401;81.297600;-838.606445;2047.507935;104.066330;-848.079712;2185.684570;27.611431;-833.579224;2026.447876;-71.436874;-848.206055;2131.420654
0.000000;-149.999985;2000.000000;2.408727;-305.991699;2122.140625;4.478284;-449.969421;2188.144531;9.592650;-690.991760;2192.409668;46.063519;-650.651978;2194.814453;193.475739;-614.753906;2148.059082;212.853729;-324.574402;2050.031738;-34.628601;-278.304352;1995.607178;-60.088547;-179.924103;1962.295898;-76.943611;-297.264435;1943.639404;-69.694061;-161.100067;1890.964233;-28.567688;-651.641235;2190.929688;-161.743149;-626.508423;2136.483398;-148.736786;-343.429535;2004.257324;108.309998;-381.585693;2026.884399;219.479813;-394.687469;2053.871094;282.811401;-380.256195;2152.331543;231.719330;-419.733337;2047.018066;101.256523;-148.697144;1999.667114;300.469604;-123.540344;1602.984741;180.038406;281.659058;1646.065186;165.870361;423.771729;1494.768311;-91.307465;-151.174805;2000.300293;-236.803513;-116.682358;1582.100220;-154.951767;302.433838;1626.893188;-191.404419;428.040283;1487.118652;12.268395;-780.694214;2179.123535;64.161537;-788.175232;2008.539673;81.569435;-834.998108;2045.535645;105.799072;-849.804626;2183.433594;27.507793;-829.185120;2025.160034;-70.779671;-847.963135;2130.802002
0.000000;-150.000000;2000.000000;2.656060;-306.187286;2121.366211;4.335025;-449.850952;2187.453613;8.461911;-690.510376;2191.342285;45.042526;-650.388672;2193.745850;192.184067;-614.421753;2147.057861;213.445526;-325.395721;2047.569702;-33.651711;-278.484711;1993.910278;-60.047939;-180.371536;1961.095947;-77.030426;-297.461884;1942.226929;-69.624954;-161.471832;1889.655884;-29.477993;-651.065308;2189.984375;-162.838348;-625.295776;2136.936523;-147.721344;-343.998138;2002.344116;109.000168;-381.780151;2024.448853;219.772720;-394.947174;2052.235352;284.725952;-380.247559;2149.363281;231.963425;-419.878967;2045.773193;101.087418;-149.598770;1998.304199;300.299683;-123.666824;1602.473877;179.102524;280.823944;1643.264771;164.475739;423.071686;1492.599976;-91.154968;-150.361816;2001.529297;-237.108063;-116.881546;1584.165649;-154.707291;301.900116;1624.209839;-191.543671;428.204742;1485.591553;10.745426;-780.058472;2177.938965;64.409615;-793.386963;2008.564209;80.808594;-839.167114;2047.124878;103.243576;-849.963257;2185.466797;27.143269;-833.373657;2025.976807;-72.403275;-847.718872;2130.809082
0.000000;-150.000000;2000.000000;1.982631;-305.881805;2121.543945;3.101630;-449.347717;2187.805908;7.004822;-689.829590;2192.341309;43.588142;-649.761597;2194.734375;190.699310;-614.055542;2148.129883;211.338135;-324.433899;2050.935059;-35.183788;-277.914124;1995.198975;-61.427402;-179.821548;1962.445923;-78.409416;-296.819092;1943.537720;-71.001251;-160.931396;1891.025146;-30.870041;-650.383179;2190.778320;-163.725082;-624.802368;2136.664795;-149.400543;-343.114014;2003.319702;107.138618;-381.078461;2025.060181;217.694000;-394.263763;2053.362305;282.085419;-379.483093;2150.750977;230.344376;-419.313019;2049.232422;101.018936;-149.934113;1998.436646;298.249237;-122.694244;1602.053345;177.822586;281.586029;1644.079834;163.744354;423.976166;1493.699707;-91.093231;-150.059402;2001.409790;-239.028671;-116.011703;1585.123901;-155.935577;302.327789;1625.119507;-192.747223;428.303680;1486.381470;9.244154;-779.351685;2179.190918;69.453674;-788.829468;2011.902588;84.639954;-835.276001;2050.090820;101.773178;-848.816162;2188.848145;31.831993;-829.355591;2027.019287;-71.520050;-846.443970;2127.526367
0.000000;-149.999985;2000.000000;1.767708;-306.099030;2121.726563;3.219450;-449.576538;2188.492432;7.289479;-690.388794;2193.512939;43.905476;-650.236328;2195.740234;190.588013;-614.219910;2147.292969;212.715179;-324.592773;2049.072266;-34.439213;-277.891296;1994.614380;-60.960247;-179.769028;1961.678711;-77.998245;-296.931488;1942.761230;-70.537643;-160.901138;1890.209351;-30.667652;-650.912964;2191.958496;-163.572617;-624.701599;2137.710449;-148.842468;-342.676941;2004.079834;108.149857;-381.110840;2024.009399;218.727081;-394.145813;2052.953613;282.377502;-379.436676;2151.040039;231.041656;-419.093689;2046.591675;101.170746;-149.156860;1999.611938;299.096619;-122.150085;1602.851929;178.366882;282.675415;1644.857300;163.715164;424.895203;1493.963135;-91.230103;-150.760269;2000.349854;-238.644394;-116.408112;1583.232544;-155.814301;302.302124;1626.318359;-192.496887;427.696655;1486.647827;9.556486;-780.063599;2180.520508;57.507687;-788.210083;2008.982788;76.963722;-834.102966;2046.030273;104.812744;-846.673950;2183.337158;22.350620;-829.899536;2026.916504;-72.798813;-849.905579;2134.998779
0.000000;-150.000000;2000.000000;1.556115;-306.003235;2121.850098;2.825936;-449.424805;2188.737305;8.023487;-690.174988;2195.362305;44.436787;-649.833496;2197.487061;190.677017;-609.992737;2150.729492;212.614731;-323.728912;2043.066650;-14.242793;-265.919037;1936.180054;-62.169819;-176.189392;1968.853271;-75.935265;-292.521301;1943.311035;-79.969116;-138.221390;1883.388428;-30.114166;-650.893311;2193.379883;-162.606262;-625.900757;2137.571777;-148.186584;-344.634430;2002.323730;108.606697;-381.366180;2027.353271;219.388535;-394.703918;2055.358887;282.913391;-380.833588;2153.647949;231.788559;-419.793610;2049.327637;101.171051;-149.272324;1999.639648;299.324982;-122.777237;1602.962280;179.092270;282.110260;1645.758545;165.393875;423.917450;1494.389160;-91.230392;-150.656174;2000.324951;-241.756119;-115.562698;1584.385376;-155.731384;302.576996;1626.716064;-192.409363;427.772552;1486.867798;10.776534;-779.920654;2182.971191;63.513477;-788.147705;2012.849121;80.594147;-834.833862;2050.075684;104.030212;-849.178223;2188.030273;26.704903;-828.970703;2029.408569;-72.101440;-847.105591;2134.497070
0.000000;-150.000000;2000.000000;1.733563;-305.215698;2122.232910;2.933118;-448.951355;2187.710449;7.424983;-689.253601;2194.226074;43.919563;-649.107300;2195.927979;190.190491;-612.658752;2147.563965;214.018204;-321.796326;2055.431641;-26.960556;-267.234741;1985.232056;-68.566208;-171.144669;1965.042847;-77.255020;-288.927887;1945.776123;-77.707336;-147.341888;1890.617188;-30.533356;-649.925293;2192.697998;-163.830399;-624.403809;2139.860352;-151.491318;-343.517426;2005.008789;104.763504;-380.686401;2029.678345;216.222015;-394.068115;2053.797363;280.947357;-380.411865;2151.055420;228.109039;-419.653534;2046.148315;100.974442;-149.548492;1999.141235;299.147430;-123.374634;1603.411987;179.174942;280.640594;1647.056274;162.712021;424.830170;1498.795044;-91.053101;-150.407135;2000.774414;-241.815384;-115.115646;1585.850952;-156.107727;302.353485;1627.047363;-192.451279;428.295258;1488.290283;9.740141;-778.832153;2181.814209;61.958050;-788.250977;2011.954224;78.960419;-834.662720;2049.359619;102.630051;-848.186890;2187.080566;25.144184;-828.787109;2028.820068;-73.278641;-845.953125;2134.043457
0.000000;-149.999985;2000.000000;1.592039;-305.358582;2122.298096;2.936810;-449.535614;2187.090576;6.498151;-690.024536;2194.072266;43.160004;-649.980591;2195.910156;190.174973;-615.184570;2148.192627;213.748199;-325.043732;2052.992188;-27.441469;-265.275146;1987.173462;-69.756126;-170.066315;1964.062744;-78.204941;-288.131958;1945.879150;-78.275970;-147.213333;1890.393677;-31.332918;-650.528015;2192.255859;-164.054962;-624.392883;2137.982666;-152.226501;-341.930786;2005.851807;104.267914;-380.121796;2028.487671;215.575287;-393.693420;2053.596924;279.587128;-377.922607;2151.115723;227.413605;-419.001343;2046.811035;101.052734;-149.181152;1999.724854;298.326721;-121.743149;1603.252319;177.343597;282.272156;1647.254395;163.662323;424.758789;1496.857178;-91.123695;-150.738342;2000.248291;-241.694199;-114.795609;1584.949097;-156.873260;303.110046;1626.954102;-193.166840;428.722290;1487.684814;8.551208;-779.702271;2181.826904;61.526222;-788.126038;2012.006226;77.800560;-835.131042;2049.071777;100.647888;-850.269287;2186.873291;24.118874;-828.407471;2028.316406;-75.093513;-845.410339;2132.976563
0.000000;-149.999985;2000.000000;1.400995;-305.457947;2122.080078;2.589732;-449.106964;2187.927002;6.894374;-689.572205;2192.444092;43.441151;-649.452087;2194.436035;189.442947;-612.496582;2145.403320;208.907867;-320.519928;2055.312500;-32.267647;-267.545319;1984.135254;-70.170685;-170.026810;1963.250366;-77.830902;-288.130524;1945.195923;-78.975159;-146.095093;1889.090576;-31.051430;-650.183228;2191.288086;-163.474640;-624.645386;2136.122559;-151.566284;-342.734924;2003.039917;104.806976;-380.604492;2026.688843;215.290817;-393.642151;2055.317383;280.831848;-379.231018;2151.985840;227.348724;-419.819458;2048.541016;101.023911;-149.268356;1999.772339;297.997375;-121.421753;1603.324463;178.447769;283.272095;1643.660645;165.047729;425.078369;1492.680176;-91.097702;-150.659729;2000.205322;-242.486633;-115.803955;1585.249878;-155.984238;301.826172;1625.238770;-192.804535;428.166748;1486.846191;9.122219;-779.088745;2179.280029;63.055485;-787.865845;2009.833984;79.035492;-834.822693;2047.057861;101.050339;-849.770264;2184.973633;25.501774;-828.050903;2025.985840;-74.315262;-844.725769;2130.063232
0.000000;-150.000000;2000.000000;1.536942;-305.208191;2122.648926;2.946817;-448.484222;2189.595703;7.615286;-689.158447;2192.487793;44.134781;-648.966797;2194.699951;190.067520;-611.870605;2145.164551;209.423874;-320.173157;2053.336914;-32.965569;-266.888214;1985.875854;-69.780807;-169.452927;1962.386475;-77.454674;-287.687347;1944.564941;-78.215912;-146.382141;1888.788574;-30.420172;-649.787659;2191.650635;-163.204529;-624.153564;2137.095947;-151.342834;-341.945313;2004.060303;105.295776;-380.189026;2026.468750;216.244537;-393.533356;2053.478027;281.542786;-379.901886;2150.536621;228.294144;-419.231598;2046.316895;101.102135;-149.014221;1999.980591;298.408722;-120.796844;1603.330933;179.241455;284.363800;1643.647217;165.449036;427.495148;1493.729614;-91.168243;-150.888916;2000.017578;-241.649048;-115.509506;1584.401245;-155.509094;302.523773;1624.598999;-192.221954;428.415985;1485.561768;9.957731;-778.651794;2178.706543;63.575272;-791.780334;2009.293213;79.260109;-838.026001;2047.599243;101.407776;-849.965210;2185.899902;25.703358;-831.313965;2026.440552;-74.144562;-844.798340;2131.109375
0.000000;-150.000000;2000.000000;1.641798;-305.658569;2122.319336;3.000010;-448.318207;2190.849121;7.239376;-689.194336;2192.639160;43.861168;-649.048584;2195.004639;189.859833;-611.514648;2145.607422;210.051086;-319.428436;2054.419434;-32.516247;-265.829437;1987.100586;-69.860779;-168.651184;1963.020142;-77.953552;-286.887421;1944.787964;-78.327454;-145.884842;1889.410156;-30.754486;-649.721558;2192.014648;-163.386368;-623.028137;2137.300781;-151.861008;-340.566040;2004.216431;104.883850;-378.939636;2027.473022;216.581696;-392.524109;2051.480957;281.816620;-378.202148;2148.591309;228.435715;-417.855713;2044.090820;101.180130;-149.200089;1999.659790;297.731140;-119.837357;1602.340576;178.038834;285.411560;1643.600342;163.164322;427.897278;1492.953857;-91.238571;-150.721298;2000.306641;-241.390320;-114.173813;1584.312378;-156.019714;304.281067;1625.238281;-192.541641;429.780518;1485.596924;9.409818;-778.695801;2178.436523;63.278828;-790.476685;2008.861206;79.013519;-837.014832;2046.867920;101.045303;-849.956726;2185.205566;25.427929;-830.232727;2025.683594;-74.588409;-844.681091;2130.216309
0.000000;-150.000000;2000.000000;2.398582;-306.250824;2120.731445;3.902422;-449.647644;2186.750000;9.185801;-689.883667;2189.543457;45.532387;-649.669067;2191.821777;191.907501;-612.644348;2144.484863;211.279205;-322.260590;2050.336426;-30.648462;-267.101044;1984.479736;-67.909714;-170.018463;1961.092896;-75.384323;-288.083923;1943.494507;-76.191940;-146.936813;1887.629395;-28.883497;-650.681519;2188.668213;-161.843460;-624.810913;2135.357178;-148.822311;-342.413635;2004.140869;107.395584;-380.641327;2026.026001;218.751755;-394.641663;2049.988281;283.911713;-377.979431;2146.411621;230.426071;-419.318726;2043.568481;100.914986;-149.665237;1998.428345;300.522766;-120.185104;1603.907104;180.460693;284.074371;1642.681274;165.540421;425.797089;1492.044922;-90.999489;-150.301865;2001.417358;-234.659088;-114.269669;1584.283691;-152.794434;303.746429;1625.489380;-190.270935;427.188324;1484.932129;11.777613;-779.206177;2175.752441;71.348267;-787.966614;2008.389893;85.089027;-835.416626;2045.780762;101.968384;-851.649292;2184.134521;32.516502;-827.465942;2022.931519;-71.073990;-842.811401;2123.260010
0.000000;-150.000000;2000.000000;2.778583;-307.047211;2120.285156;4.495850;-450.433777;2187.013672;8.647158;-691.143921;2188.929932;45.272900;-651.039001;2191.051758;191.545441;-614.464355;2142.099365;211.175476;-322.358368;2051.567139;-31.365194;-270.040771;1983.826050;-68.503494;-172.493088;1961.298218;-76.489014;-290.640228;1942.986084;-77.202972;-149.174789;1887.364624;-29.307775;-651.683533;2188.505615;-162.603165;-626.566956;2134.938477;-150.536377;-344.242401;2002.117798;106.150345;-382.760803;2023.696289;217.268158;-396.511078;2049.826172;283.435211;-381.288605;2146.066406;229.160690;-421.442596;2043.303223;101.095100;-149.684036;1998.077271;298.962921;-123.358627;1601.542725;179.544739;281.693481;1642.508545;164.479797;423.506165;1491.444824;-91.161903;-150.284927;2001.734009;-237.849701;-117.621811;1584.509888;-154.723831;301.046265;1624.761719;-191.579941;426.486145;1485.335938;10.696548;-780.593323;2174.781250;64.420036;-793.855835;2005.399048;80.649170;-839.749695;2043.907715;102.972038;-850.818420;2182.262451;27.009121;-833.750061;2022.735107;-72.655052;-847.921814;2127.502197
0.000000;-150.000000;2000.000000;2.658358;-305.421387;2122.309570;4.306856;-449.167328;2188.176758;8.217691;-689.810059;2191.641602;44.853279;-649.733704;2193.818848;191.230881;-612.895752;2145.497070;210.948303;-321.704346;2052.309570;-31.307320;-267.165222;1985.526367;-68.885246;-169.918182;1962.545898;-76.592949;-288.121918;1944.661011;-77.347481;-146.698395;1888.826782;-29.687195;-650.328857;2190.649902;-162.659958;-624.576538;2136.673828;-150.082520;-341.696808;2005.253906;106.557014;-380.628601;2025.927979;217.430267;-393.725494;2053.290039;282.656586;-380.215210;2150.391602;229.537430;-419.621765;2046.043091;101.075676;-149.634903;1998.266968;299.242035;-121.712875;1602.102661;179.599136;283.103760;1643.747681;164.972122;426.843811;1494.538086;-91.144386;-150.329224;2001.562622;-237.768860;-115.654709;1584.584229;-154.616867;302.852783;1625.423584;-191.576721;428.577209;1486.340820;10.302493;-779.328491;2178.076660;64.473480;-792.180054;2008.847656;80.196663;-838.385376;2047.171021;101.958954;-850.322021;2185.510742;26.690523;-831.845886;2025.855347;-73.414482;-845.725708;2130.195068
0.000000;-150.000000;2000.000000;3.329127;-306.476440;2120.787598;5.166835;-450.508118;2185.841064;9.120251;-691.044556;2188.686279;45.740326;-650.987427;2190.837891;192.616974;-613.646606;2144.711426;204.351837;-321.984589;2052.126465;-37.721100;-268.710297;1984.138184;-68.981148;-169.783875;1959.182251;-75.554085;-288.165283;1942.434814;-77.318199;-146.900024;1886.314819;-28.775257;-651.585083;2187.923828;-161.694046;-625.588806;2134.117432;-149.310104;-343.036804;2002.324829;107.073509;-382.024902;2024.467041;217.859177;-395.343140;2051.849121;282.731506;-381.840454;2149.121094;229.926605;-421.131042;2044.670044;101.007713;-149.924438;1997.313965;300.996490;-121.699493;1602.323364;179.315216;282.448029;1642.495605;165.827774;424.886993;1492.072266;-91.083099;-150.068130;2002.422119;-235.756363;-116.382355;1584.904175;-153.885605;302.281647;1624.586426;-191.331772;427.375092;1485.189087;11.169846;-780.485962;2174.895752;64.907829;-788.439880;2005.316406;80.736076;-835.697266;2042.240479;102.830223;-851.585815;2180.062012;27.200706;-828.577271;2021.261475;-72.596588;-845.489746;2125.352539
0.000000;-150.000000;2000.000000;1.783349;-306.045563;2121.110840;2.707753;-449.629517;2186.854004;6.840643;-689.947815;2190.887207;43.400196;-649.885742;2192.837646;189.625458;-613.466675;2144.410156;203.237701;-321.866394;2052.725098;-39.260647;-268.109100;1987.488159;-70.829971;-169.790222;1960.946289;-77.831490;-287.997955;1943.853760;-78.906944;-147.637741;1888.387207;-31.053635;-650.553955;2189.931152;-163.958115;-625.712769;2135.869629;-151.363434;-342.365509;2006.433228;104.942123;-381.302246;2026.995483;216.194794;-394.957977;2051.799805;283.015533;-379.966431;2147.403320;227.957535;-420.298340;2044.913086;100.947830;-150.074860;1998.417114;297.738495;-121.715500;1602.241699;177.818176;282.511139;1643.222656;163.333679;423.585175;1491.844727;-91.029091;-149.932510;2001.427368;-239.316025;-114.522171;1585.710938;-155.764328;303.434723;1625.537842;-193.496185;427.880646;1485.853638;8.956108;-779.381226;2177.550781;61.843349;-788.226624;2007.901978;77.590614;-835.385620;2044.900757;100.209694;-850.858032;2182.566406;24.041084;-828.083252;2024.153442;-75.285576;-844.097778;2128.669434
0.000000;-149.999985;2000.000000;1.881125;-305.486603;2121.663330;3.163904;-448.883423;2187.615723;7.439648;-689.097656;2190.135986;43.949707;-649.046082;2192.431396;190.387573;-611.598511;2145.724121;203.252319;-320.389557;2053.210449;-38.471455;-267.353821;1985.086304;-70.399384;-168.484100;1961.389893;-77.185303;-286.631104;1944.216431;-78.901367;-145.265961;1888.175781;-30.458252;-649.742310;2189.334229;-163.363968;-623.836060;2135.979492;-150.614075;-341.967438;2003.741821;105.456474;-380.284729;2026.595581;216.478012;-394.431091;2051.885742;283.027191;-377.757111;2147.326660;228.153610;-418.934021;2045.827271;100.903099;-149.550964;1999.013794;298.945557;-122.722641;1603.608276;177.858932;280.856018;1645.314209;163.453796;424.085754;1496.113281;-90.988770;-150.404892;2000.889404;-237.268311;-115.029282;1584.698975;-155.960098;303.025574;1625.781250;-192.853729;429.471008;1487.811768;9.645388;-778.398010;2176.246094;69.084885;-791.986206;2009.194824;82.226593;-838.669861;2047.729004;98.901649;-851.729614;2186.416504;29.767300;-830.620300;2024.682373;-73.985474;-842.206909;2125.308105
0.000000;-150.000000;2000.000000;2.296606;-305.639984;2122.061523;3.833125;-449.686035;2187.299316;7.849730;-690.327515;2191.766113;44.483513;-650.226746;2193.591797;190.941269;-613.447754;2145.431641;203.696335;-322.222473;2051.073242;-38.767387;-267.638947;1985.015137;-70.490738;-168.882492;1959.724854;-77.035568;-287.350555;1943.114258;-78.694687;-146.083786;1886.918579;-30.076786;-650.861206;2190.794434;-162.939362;-625.169800;2136.490723;-148.378250;-342.855682;2004.011230;108.059418;-381.470642;2027.784424;219.699860;-394.890900;2051.685303;282.323029;-380.256134;2150.335449;232.227783;-413.713989;2045.428589;101.089340;-149.486664;1998.752563;298.702942;-123.207291;1602.164795;178.476761;281.304657;1645.367065;164.777512;422.805450;1493.925293;-91.156708;-150.462891;2001.124878;-236.808121;-115.715271;1583.778564;-155.282883;303.071320;1625.347534;-192.711349;428.001923;1485.657471;9.900400;-779.908325;2178.570068;62.594841;-788.703125;2008.603516;78.549301;-835.869019;2045.646729;101.473206;-851.242676;2183.468994;24.872536;-828.705444;2024.958862;-74.370361;-844.954224;2129.793213
0.000000;-150.000000;2000.000000;2.029690;-305.499786;2122.155029;3.421129;-449.415283;2187.577148;9.902296;-689.933716;2192.143555;46.097961;-649.466553;2194.160645;193.213425;-609.500000;2150.944336;205.192825;-323.675903;2041.459961;-20.120049;-267.513885;1931.121582;-57.644455;-173.079742;1963.779419;-71.952507;-288.663696;1935.832764;-83.147865;-134.396957;1882.288330;-28.414066;-650.873535;2190.947021;-161.300369;-625.984131;2136.437988;-147.497665;-343.455109;2004.542603;109.033936;-381.448608;2027.490723;220.218185;-394.674988;2053.388184;285.141418;-379.533569;2150.422363;232.787216;-413.749268;2047.602173;101.063477;-149.492630;1998.966553;301.429077;-123.178116;1603.903809;180.278351;280.991425;1646.559937;165.827194;422.907928;1495.657837;-91.133392;-150.457520;2000.931885;-236.570068;-115.993790;1583.619019;-153.812241;302.326508;1626.198730;-191.070236;428.368622;1487.538696;12.953409;-779.467041;2178.992188;64.290924;-792.727722;2008.952393;80.002869;-839.190552;2046.946533;103.760933;-851.646729;2184.881836;26.271477;-831.918823;2026.484863;-72.343407;-844.670776;2132.334473
0.000000;-150.000000;2000.000000;2.231900;-305.914825;2121.754883;3.519405;-448.927399;2189.283691;7.194464;-689.627441;2192.464844;43.864017;-649.579407;2194.859863;190.816879;-614.780151;2146.666016;210.304565;-323.863434;2052.371094;-32.024502;-267.238007;1987.411255;-64.172203;-168.648163;1961.946289;-76.376846;-285.830811;1940.115234;-80.028603;-148.566025;1889.274658;-30.677094;-650.101929;2191.349365;-163.570343;-624.817627;2136.876953;-148.963104;-342.567078;2004.167480;107.586044;-381.209839;2027.063232;218.414948;-394.396301;2054.660645;283.579071;-377.663696;2151.330566;230.967972;-413.431244;2049.503418;101.097038;-149.911255;1998.260376;298.840698;-122.693649;1601.733398;178.869766;282.078064;1643.761475;168.101120;420.831360;1489.527710;-91.163643;-150.080048;2001.568726;-239.290054;-115.621841;1585.006348;-155.673981;302.890015;1625.780518;-192.755310;428.366882;1486.452637;9.259552;-779.149170;2178.794434;62.338718;-792.693542;2009.234985;77.570541;-839.168579;2047.451172;99.892036;-851.536865;2185.693359;24.045204;-831.805786;2026.421631;-75.720711;-844.254578;2131.307129
0.000000;-150.000000;2000.000000;2.058984;-306.527527;2121.575195;3.586693;-450.578125;2187.571289;7.329993;-691.737183;2190.045410;44.062351;-651.612427;2192.509766;191.244186;-616.251953;2144.443848;209.141312;-324.884583;2049.357910;-33.129547;-267.817780;1982.677490;-64.670357;-168.583618;1958.132080;-76.162674;-286.210358;1937.081665;-80.791527;-147.893784;1885.342407;-30.623512;-652.143433;2189.099121;-163.444794;-626.072083;2134.091797;-149.287613;-343.442413;2000.762329;107.727196;-382.383148;2023.493774;219.063324;-395.489380;2049.963867;281.777100;-379.970917;2148.704590;231.744186;-414.429749;2044.234985;101.296066;-149.297028;1999.189453;298.441986;-123.071457;1601.366699;178.664841;282.926270;1640.030273;167.903519;420.460693;1484.187256;-91.343124;-150.633911;2000.730835;-237.001404;-117.145172;1582.336670;-155.213837;302.535339;1623.272949;-192.859482;426.231140;1482.024536;9.400166;-781.385864;2176.083496;62.306316;-788.878906;2005.744385;78.267006;-836.427551;2042.504028;101.150017;-852.905396;2180.494141;24.495602;-829.085388;2021.797363;-75.013397;-846.175964;2126.650879
0.000000;-150.000000;2000.000000;2.003643;-306.566315;2121.225098;3.362672;-449.241577;2189.807861;7.144066;-690.185303;2190.999023;43.823837;-650.104614;2193.819580;190.601974;-614.992065;2144.834473;209.767670;-324.240295;2049.036621;-32.610352;-265.936218;1984.786621;-64.763809;-167.347443;1958.905396;-76.561668;-284.807312;1937.729248;-80.519569;-147.264359;1886.444214;-30.778555;-650.631226;2190.118408;-163.066208;-624.473877;2134.233887;-150.002396;-342.564545;1999.953735;106.652481;-380.428802;2025.597656;218.326065;-393.772400;2049.979248;281.282898;-376.350159;2148.114502;230.770172;-412.541138;2044.375244;101.200325;-149.578186;1998.872070;297.713959;-121.359299;1601.335449;178.634567;284.407013;1640.236816;167.849106;422.792328;1485.410645;-91.256790;-150.380341;2001.017090;-238.590775;-115.181763;1583.790283;-155.939484;304.002411;1623.878418;-192.747314;427.836761;1482.772217;9.285778;-779.673828;2176.576660;57.386108;-791.439880;2005.231567;75.403740;-837.418457;2042.927979;102.563766;-849.036011;2180.502930;20.964592;-831.856201;2023.609619;-75.011398;-847.667236;2131.719238
0.000000;-150.000015;2000.000000;2.039888;-306.335388;2121.460449;3.471796;-448.737854;2190.536621;7.421592;-689.634155;2191.343262;44.092873;-649.540771;2193.876465;190.613159;-613.903931;2144.597656;209.659271;-322.633667;2050.555664;-32.398914;-265.500427;1984.278320;-64.146027;-166.523270;1959.485352;-75.785233;-283.980072;1938.334961;-80.158226;-146.002838;1886.786011;-30.526287;-650.111816;2190.875977;-163.327133;-624.019531;2136.265869;-149.249115;-341.939758;2002.587402;107.600639;-379.993469;2025.326416;218.934753;-393.015472;2051.279297;281.713959;-377.257751;2149.781982;231.900208;-412.062897;2046.985107;101.181412;-149.485916;1998.962402;299.045776;-120.452240;1602.250854;179.436386;285.099548;1640.870728;166.790329;422.110718;1485.020264;-91.239731;-150.463577;2000.935669;-236.953278;-114.822128;1583.268433;-155.305847;304.366638;1624.466431;-192.054871;428.890503;1484.002930;9.486047;-779.083130;2176.774658;63.886463;-791.557739;2007.411133;80.071281;-837.614807;2045.816895;101.929062;-849.223633;2184.306641;26.458143;-831.620056;2024.458984;-73.632210;-846.415039;2128.880615
0.000000;-150.000015;2000.000000;2.060084;-306.352234;2121.424072;3.502935;-448.759277;2190.474609;7.148586;-689.649414;2191.361572;43.866383;-649.603149;2193.915283;190.546951;-614.443726;2144.793213;210.416901;-323.506317;2049.938965;-31.724953;-265.374512;1984.890991;-63.721024;-166.513107;1959.977173;-76.052849;-283.911987;1938.928101;-80.229050;-146.260101;1887.301880;-30.747398;-650.081238;2190.847656;-163.445328;-623.749756;2136.119385;-149.015961;-341.656921;2002.538208;107.827522;-379.897949;2024.898926;219.231812;-393.103638;2050.432129;282.362549;-378.241302;2148.843018;231.828415;-412.131561;2044.315430;101.176750;-149.486832;1998.944214;298.022461;-120.241287;1601.763672;179.085907;285.373169;1641.578979;168.351379;424.195862;1487.207642;-91.235527;-150.462799;2000.952026;-237.720078;-114.908813;1583.567871;-155.527634;304.206848;1624.224731;-192.247055;429.174988;1484.160156;9.113527;-779.101563;2176.824219;64.012909;-791.323608;2007.611450;79.137810;-837.974670;2045.726929;100.152412;-851.062073;2184.208740;25.747553;-830.785156;2024.187134;-75.066902;-844.448242;2128.056152
0.000000;-150.000015;2000.000000;2.060084;-306.352234;2121.424072;3.502935;-448.759277;2190.474609;7.148586;-689.649414;2191.361572;43.866383;-649.603149;2193.915283;190.546951;-614.443726;2144.793213;210.416901;-323.506317;2049.938965;-31.724953;-265.374512;1984.890991;-63.721024;-166.513107;1959.977173;-76.052849;-283.911987;1938.928101;-80.229050;-146.260101;1887.301880;-30.747398;-650.081238;2190.847656;-163.445328;-623.749756;2136.119385;-149.015961;-341.656921;2002.538208;107.827522;-379.897949;2024.898926;219.231812;-393.103638;2050.432129;282.362549;-378.241302;2148.843018;231.828415;-412.131561;2044.315430;101.176750;-149.486832;1998.944214;298.022461;-120.241287;1601.763672;179.085907;285.373169;1641.578979;168.351379;424.195862;1487.207642;-91.235527;-150.462799;2000.952026;-237.720078;-114.908813;1583.567871;-155.527634;304.206848;1624.224731;-192.247055;429.174988;1484.160156;9.113527;-779.101563;2176.824219;64.012909;-791.323608;2007.611450;79.137810;-837.974670;2045.726929;100.152412;-851.062073;2184.208740;25.747553;-830.785156;2024.187134;-75.066902;-844.448242;2128.056152
0.000000;-150.000000;2000.000000;2.334294;-306.135071;2121.115723;3.622242;-449.793823;2186.841797;7.518613;-690.204712;2191.329834;44.140907;-650.161255;2193.083984;190.956161;-615.183472;2145.173828;208.834854;-324.854614;2049.848633;-32.829708;-267.117157;1984.512695;-64.164612;-168.037750;1960.466309;-76.154732;-285.314972;1939.777222;-80.835701;-147.424850;1887.784668;-30.352596;-650.757019;2190.420410;-164.236374;-626.205750;2138.528564;-149.575363;-346.225952;2001.880981;107.084404;-381.633911;2025.499512;218.307098;-395.137024;2050.731445;282.135376;-379.109253;2148.250977;231.051346;-413.774780;2046.249878;100.982979;-149.963684;1998.100464;298.318787;-122.886261;1601.907104;178.731979;281.659760;1642.469238;167.931412;419.004120;1487.287354;-91.060791;-150.032745;2001.712769;-237.938538;-115.236435;1585.255249;-154.800995;302.897125;1625.934204;-192.924896;427.216705;1486.139282;9.497839;-779.701965;2178.155029;58.024731;-788.198425;2007.115845;74.779907;-835.421387;2043.628906;100.967239;-851.109497;2180.693848;20.683582;-828.142944;2024.273438;-75.937302;-844.458862;2131.329102
0.000000;-150.000015;2000.000000;1.947811;-306.128601;2121.174316;3.082486;-449.327728;2187.949219;7.696747;-689.751587;2192.783203;44.191189;-649.587708;2194.668457;190.583725;-609.851440;2149.165039;208.420120;-324.646027;2039.335815;-14.621757;-267.985840;1925.038452;-44.829803;-172.799454;1962.547607;-42.689327;-285.288849;1921.667725;-88.789810;-133.126144;1884.808838;-30.295753;-650.416931;2191.628906;-163.502991;-625.001953;2138.374268;-148.326447;-343.340271;2005.187256;108.373909;-380.631348;2025.641357;219.299698;-394.387909;2052.084961;283.904236;-379.131226;2149.234863;232.538391;-413.573395;2050.171631;101.003510;-149.891693;1998.515991;299.057404;-121.177200;1602.729492;179.626160;283.447144;1643.565552;166.839020;420.613281;1488.339355;-91.079300;-150.097687;2001.338257;-236.858612;-115.515854;1584.413696;-154.874908;302.958862;1624.530640;-192.336655;426.836121;1484.130127;10.018400;-779.271973;2179.738037;56.987194;-786.741455;2008.191528;75.597565;-833.318726;2044.649536;103.710449;-847.788452;2181.486328;21.091625;-827.789063;2025.849243;-73.850258;-846.810059;2133.981934
0.000000;-149.999985;2000.000000;1.256347;-305.732971;2122.180664;1.886766;-448.898560;2189.601318;7.108168;-689.692993;2193.556152;43.546509;-649.381836;2195.745605;190.202438;-608.688599;2151.103027;209.006409;-323.398376;2040.357300;-2.100433;-268.654968;1903.753662;-36.667030;-184.072632;1959.121704;-47.877731;-286.099152;1897.167969;-89.015366;-133.736084;1885.677734;-31.038515;-650.391785;2192.391602;-163.681229;-625.377319;2136.974121;-149.477386;-343.137695;2003.788208;107.499451;-380.823608;2025.081299;218.270691;-394.306213;2053.032227;282.828003;-378.937439;2150.413574;230.895340;-413.155060;2047.697998;101.161545;-150.111084;1998.818237;297.907654;-121.362244;1601.625854;179.152374;284.001892;1643.788208;167.594391;422.054260;1488.828125;-91.221825;-149.899811;2001.065796;-241.876862;-115.265915;1585.161621;-155.321045;302.893494;1625.936279;-193.379456;428.566895;1486.902832;9.717827;-779.293701;2180.163574;63.328423;-792.737549;2010.658691;79.037468;-838.938538;2049.069824;101.233559;-850.626526;2187.471191;25.442196;-832.267761;2027.898682;-74.439552;-845.578186;2132.680420
0.000000;-150.000000;2000.000000;1.404789;-305.844910;2122.223145;2.190307;-448.671997;2190.570801;6.455313;-689.646118;2192.993896;43.100449;-649.474792;2195.088379;188.479370;-611.750122;2143.824219;220.257187;-320.443054;2053.000977;-20.338829;-266.251617;1978.989746;-35.102242;-161.790771;1961.729004;-39.379143;-281.544464;1956.170288;-84.004967;-149.558487;1888.963867;-31.559948;-650.160156;2192.431641;-164.195190;-624.192749;2137.210938;-150.028641;-342.355957;2002.746338;106.941414;-379.832916;2026.237671;218.456314;-393.563934;2051.230225;283.344971;-376.209747;2148.139648;230.904419;-412.074951;2046.140259;101.220840;-150.000092;1998.836548;298.042786;-120.892929;1601.418091;178.764206;284.651031;1642.861816;167.714188;424.027313;1488.890381;-91.275284;-149.999924;2001.049194;-240.058792;-114.025360;1584.309692;-155.826218;304.706573;1626.675903;-193.149765;429.558441;1486.553711;8.569225;-779.224243;2179.017578;57.686291;-791.305786;2007.946167;74.707771;-837.674438;2045.648071;100.718895;-850.089355;2183.403809;20.490219;-831.192383;2025.962280;-76.500511;-845.759155;2133.377441
0.000000;-150.000000;2000.000000;1.801558;-306.064087;2121.851074;2.874935;-448.817444;2190.249512;6.951359;-689.730103;2192.639648;43.624054;-649.599243;2194.644043;188.911972;-611.777100;2143.326172;213.892944;-319.600128;2053.458496;-27.155806;-265.481140;1981.128662;-36.541237;-161.046295;1960.463257;-42.610168;-280.723938;1955.689453;-83.759270;-150.146866;1888.521973;-31.023211;-650.224243;2192.177734;-163.979553;-623.673340;2138.123047;-150.222824;-341.659973;2004.183472;106.742630;-379.513214;2026.300293;218.416672;-392.356689;2050.908203;281.541504;-376.586029;2149.204590;230.993332;-411.647736;2044.788208;101.191116;-149.886032;1998.649780;297.558502;-120.030670;1601.196289;178.577927;285.609192;1641.363159;167.480148;423.233215;1485.901855;-91.248489;-150.102753;2001.217529;-237.266098;-113.037399;1583.723755;-155.488434;306.061890;1626.093994;-193.239075;429.295593;1484.729858;8.957254;-779.284302;2178.653564;62.327759;-791.784302;2008.942139;77.848640;-838.354431;2047.014038;100.145050;-851.154907;2185.345703;24.247860;-831.256775;2025.946045;-75.615631;-844.817078;2130.776123
0.000000;-150.000000;2000.000000;1.341434;-306.059875;2122.109131;2.195294;-449.040283;2190.317383;8.845955;-690.071106;2193.522217;45.097279;-649.510620;2195.671875;191.588852;-609.300049;2149.469971;214.051483;-322.979614;2041.173828;-7.923972;-269.110077;1922.044922;-25.674667;-170.139679;1958.501709;-37.856300;-280.028320;1911.805542;-98.973572;-136.413208;1887.026123;-29.575649;-650.947937;2192.648438;-162.441803;-625.619507;2137.493652;-148.128708;-343.141876;2004.032227;108.901505;-380.769409;2028.057129;220.797287;-394.036713;2051.831543;284.107697;-379.551697;2150.314941;233.330643;-413.320190;2045.360840;101.273926;-149.810257;1999.129883;300.633789;-122.350616;1602.613159;180.727554;283.327087;1643.089111;169.229828;422.368958;1488.708984;-91.323151;-150.171097;2000.784546;-234.380737;-115.292587;1581.718262;-152.977753;304.067871;1625.537231;-191.433716;427.972412;1484.752197;11.920656;-779.711182;2179.831787;63.861252;-788.067383;2009.280273;80.099792;-835.375610;2046.203247;103.783386;-851.048401;2184.117920;26.213430;-828.232178;2025.766113;-72.650528;-844.887878;2131.250488
0.000000;-150.000000;2000.000000;1.645721;-306.149811;2122.230957;2.661952;-449.092224;2190.791016;7.683087;-690.358154;2192.495605;44.249710;-650.029358;2194.695313;189.994904;-611.073486;2144.797852;216.111389;-319.088074;2053.062012;-25.834862;-266.409821;1981.277832;-33.084454;-162.247940;1957.736816;-59.455490;-276.232483;1930.569214;-86.275772;-152.314056;1893.849731;-30.502426;-650.940063;2192.068848;-163.472778;-624.647644;2137.328857;-148.539093;-342.501862;2002.690063;108.812805;-379.625244;2026.168579;220.424210;-392.965851;2051.598877;283.653503;-377.514618;2150.093018;233.495178;-411.851440;2047.836670;101.346939;-149.829483;1998.853394;299.188782;-120.519806;1601.337036;179.831955;285.730408;1641.025757;169.160278;423.734497;1485.449829;-91.388992;-150.153763;2001.034058;-237.815887;-114.458206;1582.849243;-154.684341;305.067017;1624.959717;-191.526855;429.457825;1483.977295;10.071532;-779.998657;2178.233398;63.722706;-786.671265;2007.997681;79.393967;-834.500977;2044.570557;101.640923;-851.846436;2182.631836;25.707039;-826.879333;2023.663208;-74.356697;-844.290161;2128.038574
0.000000;-150.000015;2000.000000;2.809065;-305.835999;2122.413086;4.682095;-449.262878;2189.706787;9.081581;-690.367432;2193.603027;45.719337;-650.136841;2195.577637;191.522812;-613.017456;2144.769043;216.134781;-321.469299;2051.864258;-25.238091;-265.707458;1981.052979;-32.823330;-161.853470;1956.574341;-59.225845;-276.040833;1930.642456;-86.155426;-152.312134;1893.188477;-28.978508;-650.883545;2192.675293;-161.906937;-624.127808;2138.298340;-148.763733;-342.534149;2002.765869;108.610527;-379.823181;2023.833618;220.528091;-392.992767;2047.634888;283.333405;-377.591797;2146.321289;233.101227;-411.929871;2041.520996;101.277313;-149.423477;1998.409912;299.770172;-120.728012;1601.479126;180.416962;285.276001;1640.903809;169.443329;422.285522;1484.642212;-91.326202;-150.519897;2001.433838;-234.761749;-114.222427;1582.554321;-153.195084;305.305359;1625.010254;-191.381638;429.216431;1484.122681;11.295399;-780.083740;2180.166504;64.728676;-786.709106;2009.975464;82.591820;-833.258179;2047.126343;105.921051;-847.684326;2185.256592;28.599810;-828.320740;2026.297607;-70.267258;-848.705688;2131.149170
0.000000;-150.000000;2000.000000;2.716113;-305.243134;2123.493652;4.255127;-448.413574;2191.719482;9.229367;-689.769409;2194.596191;45.790596;-649.416931;2197.001465;192.070786;-612.088623;2147.215576;218.004166;-320.954437;2052.349121;-24.180670;-265.397186;1983.204346;-31.586908;-161.667114;1957.686646;-59.271889;-275.851868;1932.520508;-84.610397;-152.201675;1894.068359;-28.960257;-650.334473;2193.577637;-161.149475;-623.653992;2137.002441;-146.499390;-341.045380;2003.003052;110.737663;-379.531921;2026.747925;222.500000;-392.850220;2051.739746;285.630219;-377.745880;2150.409668;235.087418;-412.021576;2045.639404;101.372894;-149.932083;1997.855835;301.469482;-120.696106;1601.257080;181.967484;285.618561;1641.731812;170.741257;423.204376;1485.709717;-91.412392;-150.061234;2001.933594;-234.599014;-115.118927;1582.369507;-152.640656;304.766571;1625.005005;-189.888779;430.338654;1485.072266;11.760029;-779.512451;2180.769775;60.296509;-786.155518;2008.927734;80.076706;-832.233032;2045.801270;107.754196;-845.511597;2183.390625;25.358763;-828.336670;2026.538452;-70.094734;-849.869263;2134.486084
0.000000;-149.999985;2000.000000;2.107459;-305.722260;2122.557373;3.517358;-448.641327;2190.917725;9.293583;-689.715393;2194.190918;45.694817;-649.282471;2196.333740;192.290329;-613.111511;2147.168457;216.394455;-321.277710;2055.076416;-24.953363;-266.852295;1983.189697;-31.992403;-163.104996;1958.123413;-59.155510;-277.164185;1932.438843;-85.019691;-153.582428;1894.544922;-28.989141;-650.449829;2193.301270;-162.370789;-625.260071;2139.305176;-147.151245;-343.085297;2005.238647;110.080971;-380.785553;2027.148560;221.400604;-394.287476;2053.415039;285.355682;-376.260864;2150.904785;233.918915;-412.816284;2048.570068;101.278870;-149.576523;1998.796509;300.570465;-121.853210;1602.219238;181.426682;284.026245;1643.319824;170.640198;422.524414;1488.375488;-91.327621;-150.381836;2001.085327;-236.669479;-115.660492;1582.750610;-153.357773;303.460938;1625.635986;-190.130646;428.153870;1485.074219;12.044971;-779.377869;2180.524414;65.606789;-793.029419;2010.801270;81.803185;-838.987061;2049.418945;104.318283;-849.935364;2187.996582;28.058342;-832.877136;2028.271484;-71.673286;-846.686035;2133.367188
0.000000;-150.000015;2000.000000;2.494562;-305.828705;2122.274414;4.308587;-448.348785;2191.294434;9.205471;-689.342590;2194.105713;45.745510;-649.065308;2196.212402;191.623688;-611.877869;2145.909668;211.107040;-320.219940;2052.622070;-30.983814;-265.845764;1983.658569;-32.698963;-161.922638;1958.590576;-64.730881;-275.328156;1936.061523;-86.468925;-151.088974;1893.425537;-28.918335;-649.952332;2193.403809;-162.107574;-624.087524;2139.424805;-148.504013;-342.299622;2004.691650;108.672028;-379.687378;2026.436890;220.186279;-393.170837;2051.645264;284.060852;-370.074127;2148.049805;232.358383;-411.886414;2047.430908;101.233749;-149.246857;1998.894531;300.101196;-120.397171;1602.402954;181.454147;285.559204;1642.239502;169.701187;424.041077;1487.473389;-91.286926;-150.679184;2000.996826;-235.796555;-115.078217;1582.654053;-153.912888;304.225037;1624.620117;-190.740311;429.357239;1484.577881;11.584770;-778.949951;2180.272461;64.943977;-787.251221;2010.221924;81.774391;-834.032410;2047.513062;104.692139;-848.512451;2185.637451;27.939503;-828.007874;2026.641846;-71.358971;-845.930603;2131.437988
0.000000;-150.000015;2000.000000;2.303057;-306.172638;2121.811523;3.888050;-448.565979;2191.068359;9.246155;-689.540649;2192.708740;45.695953;-649.206787;2195.151855;191.754593;-611.137085;2146.089844;206.377991;-319.618988;2051.569092;-35.788765;-265.701630;1982.593140;-33.638683;-161.531372;1958.647705;-67.853828;-274.583282;1937.657104;-88.491615;-149.528534;1892.594604;-28.948677;-650.224731;2192.057373;-161.678299;-624.183960;2137.072998;-148.377991;-341.797455;2003.629761;108.712753;-379.146271;2026.174561;219.955338;-392.129272;2052.764160;282.351257;-370.355194;2150.424805;232.301498;-411.290161;2048.275879;101.225136;-149.479599;1998.753418;300.869324;-121.168091;1602.655029;181.053635;284.356995;1643.005737;169.285934;422.287231;1487.771973;-91.279167;-150.469299;2001.124146;-237.219849;-113.747391;1583.414795;-154.089279;305.314148;1624.975464;-191.835068;431.359924;1486.022949;11.852947;-779.066284;2178.443848;64.530632;-790.882751;2008.404419;81.271988;-837.019836;2046.520386;104.633675;-848.964600;2184.800781;27.393764;-831.131714;2025.735596;-71.589638;-846.555176;2131.208496
0.000000;-150.000000;2000.000000;2.210820;-306.086975;2121.835449;3.766793;-448.518677;2190.915527;9.747471;-689.411621;2192.788086;46.067978;-648.990967;2195.387695;192.382111;-609.162231;2148.679199;207.398468;-322.033081;2041.857056;-25.021797;-263.744568;1947.747070;-29.776035;-157.046280;1951.761963;-40.577930;-271.486084;1917.541382;-97.426498;-141.332153;1892.574829;-28.536140;-650.207520;2191.902588;-161.104065;-624.323120;2136.560547;-146.921783;-341.867310;2003.554443;109.956985;-380.087616;2026.235718;221.461487;-393.440521;2051.370117;283.290588;-373.346283;2149.710205;233.777893;-412.633759;2046.284912;101.198982;-149.432480;1998.890747;301.977631;-121.011673;1603.509766;181.607117;284.302338;1643.108154;169.013763;421.954620;1487.768311;-91.255569;-150.511765;2001.000366;-236.103607;-114.809998;1582.950439;-153.749115;304.214813;1625.217041;-191.001648;429.662811;1485.663330;12.663640;-778.917603;2178.616943;71.594177;-792.710327;2010.844116;85.089516;-839.408813;2049.532227;102.457870;-852.162354;2188.581787;32.350540;-831.549438;2026.629395;-71.232697;-843.285034;2128.026855
0.000000;-150.000015;2000.000000;2.513231;-306.072235;2121.744141;4.192596;-448.584900;2190.536133;8.539448;-689.428833;2193.046875;45.147816;-649.264832;2195.174316;191.248993;-611.426270;2146.366699;210.018799;-319.982361;2052.949219;-31.413383;-265.769104;1982.225220;-34.547977;-161.409760;1959.528564;-64.363518;-274.693512;1933.980591;-91.484390;-150.270676;1898.443115;-29.469185;-649.977844;2192.421387;-162.428040;-623.603882;2138.389160;-148.185257;-342.031586;2003.763672;108.654556;-379.618286;2026.967651;220.002975;-391.980682;2053.109375;281.772919;-371.186066;2151.295410;232.450912;-411.657593;2048.097656;101.162025;-149.517212;1998.530640;300.745453;-119.743713;1602.805908;180.004333;285.182434;1643.745361;167.987488;422.482422;1488.138306;-91.222244;-150.435364;2001.324951;-237.579391;-114.500275;1583.974121;-154.265656;304.336975;1624.783081;-191.321136;429.643921;1485.135376;10.703036;-778.963501;2179.111572;65.313545;-791.693054;2009.860962;80.667221;-838.131897;2048.133789;101.989235;-850.579590;2186.614258;27.216957;-831.210999;2026.670166;-73.341866;-844.786011;2130.778809
0.000000;-150.000015;2000.000000;2.635419;-306.046875;2121.891602;4.410854;-448.505280;2190.925781;9.673511;-689.400574;2194.808105;46.139919;-649.071289;2196.744629;192.401382;-609.787720;2149.392090;206.548264;-322.889069;2041.799072;-25.339447;-264.062012;1946.687256;-31.682972;-157.635361;1954.256348;-39.296909;-271.153931;1916.296875;-101.043060;-142.483551;1899.180420;-28.498234;-650.084595;2193.921387;-161.585037;-624.650391;2139.610107;-148.099731;-343.499359;2003.767578;108.929535;-380.503296;2026.878174;220.409805;-393.340881;2052.406738;282.887177;-373.325806;2150.358398;232.785812;-412.971008;2047.229614;101.198105;-149.470734;1998.489502;299.464539;-119.913727;1601.905640;180.407867;285.710266;1642.474487;169.322769;422.561035;1486.302490;-91.254776;-150.477310;2001.361938;-237.365585;-114.979889;1583.715210;-153.806671;303.881958;1625.405396;-191.612137;429.026123;1485.717285;12.192732;-779.036560;2181.378174;64.961609;-792.865784;2011.562134;81.398041;-838.699158;2050.150879;104.546600;-849.376343;2188.537598;27.587597;-832.716980;2029.255249;-71.565308;-846.508789;2134.748535
0.000000;-150.000000;2000.000000;2.595758;-306.360748;2122.098145;4.283237;-449.038483;2191.367188;8.283958;-690.443054;2192.202637;45.019066;-650.257996;2194.827393;191.761505;-613.157593;2146.213867;210.757278;-321.257721;2051.998291;-31.361799;-265.588379;1982.654053;-35.217361;-161.071442;1959.660522;-65.497520;-274.339050;1933.329834;-94.476723;-150.234421;1901.713379;-29.750181;-650.844299;2191.639648;-162.719635;-624.013000;2136.972900;-147.598877;-341.844727;2002.055664;109.810997;-379.983307;2024.638306;220.676743;-393.363525;2053.346680;284.344238;-371.430420;2150.385254;233.146988;-412.236176;2050.015625;101.387825;-149.596405;1998.361328;300.233551;-121.060120;1601.052124;180.324341;285.139374;1641.755249;168.578278;422.176239;1485.271729;-91.425873;-150.363953;2001.477539;-236.418640;-115.607773;1582.489380;-153.955048;304.293732;1624.253174;-191.462402;428.557281;1483.209839;10.404660;-780.081787;2177.614746;65.350487;-791.691284;2007.968750;80.881569;-838.386230;2046.085693;102.166031;-851.546143;2184.827881;27.305187;-831.537842;2024.559326;-73.527390;-846.108643;2128.726563
0.000000;-150.000000;2000.000000;2.983721;-305.787598;2122.305176;4.698729;-448.778351;2190.334961;9.958615;-689.768860;2191.733887;46.401024;-649.448975;2194.550293;193.427658;-612.998901;2147.151855;212.868484;-323.235596;2048.159180;-29.361233;-265.095398;1982.885864;-34.014961;-161.006973;1958.916138;-64.963959;-274.065186;1933.353271;-92.815765;-150.411591;1901.071655;-28.217167;-650.436523;2190.789307;-160.682220;-623.634888;2135.513672;-146.914993;-341.605103;2001.328613;109.929398;-379.736877;2025.466309;222.044937;-392.926788;2048.004150;284.601624;-369.638153;2145.218750;234.193268;-411.636780;2043.219360;101.212112;-149.900543;1997.657593;301.638306;-119.568588;1602.078857;181.419754;286.046021;1640.510620;170.985703;423.246765;1484.522827;-91.267410;-150.089691;2002.112305;-235.281830;-114.764114;1583.591064;-152.838837;304.607239;1623.591431;-189.785995;430.075500;1483.890625;12.661526;-779.282715;2177.384521;67.522316;-791.841492;2008.080688;84.127457;-837.602356;2046.711182;105.867004;-848.456909;2185.352783;30.465931;-832.248474;2025.225098;-69.702744;-847.698975;2129.579346
0.000000;-150.000015;2000.000000;3.238344;-306.166626;2121.879395;5.495285;-449.309326;2189.648193;9.895891;-690.367432;2190.731934;46.512615;-650.174438;2193.302246;193.360901;-613.769165;2145.213867;211.103012;-322.969940;2048.780518;-30.974224;-265.382660;1982.257690;-34.988434;-161.273331;1958.166992;-66.236725;-274.328705;1932.842651;-93.897415;-150.613113;1900.260132;-28.151497;-650.888672;2190.137695;-161.180435;-624.440918;2135.979248;-147.928223;-342.093262;2002.264160;109.136955;-379.937531;2025.035645;220.298859;-393.813110;2051.637695;286.235504;-370.498840;2146.615723;232.590088;-412.197388;2048.704102;101.243141;-149.179550;1998.361206;299.557312;-119.324799;1601.582397;180.781815;286.781128;1640.262695;170.058853;424.078796;1484.323608;-91.295403;-150.739853;2001.477783;-235.952652;-115.444962;1583.080322;-153.729492;304.118042;1622.450928;-191.013931;429.845154;1483.019531;12.160595;-779.891907;2176.257324;71.235497;-792.493164;2008.342163;85.330536;-839.151367;2046.916992;102.909882;-852.078857;2185.998779;32.462841;-831.881714;2024.039307;-70.988167;-845.192444;2125.486572
0.000000;-150.000000;2000.000000;3.237475;-306.166260;2121.879883;5.493544;-449.308594;2189.649414;9.889270;-690.366760;2190.736816;46.506836;-650.174438;2193.306152;193.355286;-613.772461;2145.215820;211.101059;-322.975281;2048.777100;-30.975586;-265.384735;1982.255127;-34.988091;-161.275772;1958.162598;-66.238640;-274.330994;1932.840454;-93.897331;-150.615494;1900.255981;-28.157318;-650.887207;2190.142578;-161.186554;-624.437988;2135.985352;-147.930984;-342.093536;2002.263916;109.133949;-379.942535;2025.029663;220.296188;-393.821869;2051.628662;286.227081;-370.512939;2146.611816;232.581955;-412.204315;2048.669922;101.243141;-149.180252;1998.360962;299.557983;-119.329865;1601.582397;180.783203;286.776733;1640.256104;170.048569;424.062073;1484.306885;-91.295395;-150.739197;2001.478027;-235.953262;-115.443695;1583.080933;-153.726105;304.118530;1622.450317;-191.009247;429.844788;1483.017944;12.151981;-779.891479;2176.263184;71.204742;-792.496216;2008.340454;85.299019;-839.156799;2046.912720;102.893944;-852.089233;2185.992188;32.429379;-831.880432;2024.041382;-71.010704;-845.181030;2125.501221
0.000000;-149.999985;2000.000000;3.076958;-306.203552;2121.915527;5.139756;-449.288727;2189.903076;9.078430;-690.411987;2191.434082;45.778526;-650.274475;2193.968506;192.690720;-614.150696;2145.733887;211.482956;-323.199799;2049.716797;-30.560001;-265.273254;1983.117676;-35.176449;-161.224655;1958.756714;-66.564964;-274.278900;1933.460571;-94.144737;-150.789932;1900.951050;-28.902004;-650.851868;2190.728760;-161.727707;-624.217590;2136.067871;-147.556076;-342.112610;2001.755615;109.520866;-379.906799;2025.204712;221.087799;-393.399384;2050.393799;288.685425;-372.695679;2144.843750;233.253082;-412.220612;2045.677734;101.267624;-149.372391;1998.248169;298.844727;-120.916763;1600.876343;180.589401;285.411926;1639.959595;169.501846;422.645752;1483.921509;-91.317467;-150.565918;2001.579590;-235.239883;-113.739502;1582.944458;-152.966812;305.756714;1624.039307;-191.084793;428.540222;1482.166626;11.186773;-779.989136;2177.122314;71.960052;-792.787964;2009.782349;86.218285;-839.101196;2048.735840;102.659439;-851.128540;2188.072754;33.473660;-832.535156;2025.330811;-70.781113;-846.484619;2125.917480
0.000000;-150.000000;2000.000000;3.117213;-306.080048;2122.532959;4.972695;-449.246460;2190.883301;9.129609;-690.716064;2191.151367;45.851044;-650.502625;2193.843506;192.459610;-612.974670;2145.011719;212.075485;-320.410065;2052.729492;-30.726345;-266.729767;1983.942871;-35.035828;-162.481186;1959.708252;-66.984177;-275.335999;1933.425659;-93.536224;-151.778503;1901.284668;-28.940723;-651.129639;2190.709473;-161.850647;-624.619751;2135.635010;-148.300583;-341.906097;2001.495117;109.083000;-380.412323;2024.578003;220.624908;-392.882355;2051.123047;288.529602;-372.718201;2145.680176;233.053055;-412.426270;2046.454346;101.403183;-149.789154;1997.688965;299.709198;-121.144562;1599.980835;180.649475;285.313232;1641.804810;169.815216;423.134399;1485.868896;-91.439713;-150.190140;2002.084106;-235.513596;-114.139969;1582.758545;-153.238007;305.966003;1624.050171;-191.202225;428.219604;1481.311035;11.297337;-780.343628;2176.348633;71.612358;-793.691528;2008.613647;86.120789;-839.888000;2047.755005;103.086395;-851.351074;2187.280273;33.207386;-833.514099;2024.471680;-70.823112;-847.304993;2125.612305
0.000000;-150.000015;2000.000000;2.162491;-306.138763;2122.121582;3.359801;-448.899994;2190.924316;9.527575;-690.051147;2192.837402;45.847389;-649.557983;2195.559570;193.021698;-613.039917;2148.262451;212.050812;-321.612549;2053.429688;-30.139568;-267.205109;1984.133423;-33.909832;-162.783417;1961.109131;-65.512344;-275.630249;1934.984009;-93.115379;-151.758469;1902.711304;-28.825050;-650.834045;2191.818848;-161.899567;-625.248291;2137.137207;-146.378479;-342.430847;2004.246338;110.564217;-381.276917;2028.369385;222.120728;-393.781921;2054.272949;290.340332;-373.979767;2148.516113;234.495911;-413.486877;2049.395020;101.300430;-150.038895;1998.156494;301.706696;-123.497620;1601.910889;182.321472;282.494812;1642.508667;170.592438;422.013733;1488.467407;-91.347054;-149.964951;2001.662354;-236.125916;-116.320862;1582.903442;-152.989990;303.079102;1624.679321;-189.988464;428.389954;1484.649170;12.564246;-779.653687;2178.667480;72.631714;-794.696838;2011.198486;87.557381;-840.210693;2050.869629;104.831665;-849.703674;2190.346680;34.614212;-834.568115;2027.626099;-69.016045;-847.846558;2129.013184
0.000000;-150.000000;2000.000000;2.170329;-306.146210;2122.115234;3.375525;-448.914185;2190.907715;9.574318;-690.067261;2192.799561;45.889236;-649.569214;2195.526367;193.062073;-613.026123;2148.238281;212.045212;-321.576141;2053.455322;-30.136425;-267.213165;1984.083618;-33.923237;-162.787369;1961.075562;-65.490463;-275.638580;1934.921143;-93.112747;-151.765930;1902.660034;-28.783730;-650.854614;2191.783203;-161.860596;-625.282043;2137.097168;-146.365891;-342.454529;2004.216919;110.585526;-381.261017;2028.340576;222.149765;-393.730469;2054.233643;290.341431;-373.875427;2148.487305;234.530594;-413.425598;2049.361328;101.301529;-150.032227;1998.158325;301.740601;-123.396515;1601.930542;182.287949;282.578613;1642.548096;170.549835;422.076538;1488.485718;-91.348053;-149.970932;2001.660767;-236.132828;-116.311600;1582.900146;-153.014511;303.094177;1624.698853;-190.014511;428.412598;1484.672974;12.622915;-779.669067;2178.621582;72.688934;-794.630005;2011.142822;87.626266;-840.157227;2050.794922;104.907394;-849.703735;2190.269531;34.680527;-834.516968;2027.555420;-68.944519;-847.860474;2128.941406
0.000000;-150.000015;2000.000000;2.739569;-305.438751;2122.794434;4.431957;-448.763611;2190.166016;8.671389;-689.792297;2193.008301;45.282078;-649.605042;2195.667480;192.336273;-613.152954;2148.288086;211.398163;-322.006195;2053.238281;-30.886093;-267.139435;1985.260010;-35.454388;-163.042068;1961.251831;-67.231812;-275.748352;1935.086548;-93.951683;-152.352814;1902.931763;-29.340588;-650.300903;2191.743896;-161.740387;-624.503052;2135.789551;-147.190002;-342.077606;2002.428467;109.289146;-380.993469;2029.393311;221.024445;-393.699951;2054.070801;288.970062;-372.484436;2148.108887;233.292450;-413.002625;2049.430420;101.234909;-149.669815;1998.159424;300.095215;-122.415665;1601.504028;180.082733;282.980896;1643.330933;169.312378;420.327881;1487.459473;-91.287971;-150.297760;2001.659790;-237.536392;-115.979858;1583.769653;-154.302185;303.186951;1624.848145;-191.458893;429.144348;1485.610229;11.028448;-779.411987;2179.195068;70.860970;-794.803833;2011.795776;86.603279;-839.730957;2051.756348;104.372803;-847.842773;2191.167236;33.551445;-835.120056;2028.626709;-69.527206;-849.241943;2130.327393
0.000000;-150.000015;2000.000000;2.717263;-305.476440;2122.770264;4.405008;-448.882568;2189.995605;8.952010;-689.929199;2192.238281;45.511314;-649.698975;2195.030273;192.535019;-612.757019;2147.898438;210.444290;-320.820374;2055.000488;-31.265377;-267.420807;1983.813965;-36.209576;-163.057175;1961.033691;-66.455765;-275.960754;1933.883301;-94.317627;-151.915192;1902.637207;-29.112293;-650.480713;2191.039551;-161.438660;-624.693848;2134.879395;-146.764771;-341.946411;2002.163452;109.663025;-380.747345;2029.949463;221.077087;-393.656250;2055.975586;287.874084;-373.280457;2151.027832;233.381973;-413.242371;2051.278320;101.242813;-149.652786;1998.198975;300.087738;-122.541397;1601.490479;180.292709;282.928528;1643.537476;168.835526;420.544434;1487.932373;-91.295090;-150.313110;2001.624023;-236.703049;-116.037872;1583.403564;-154.069244;303.237183;1624.909180;-191.466202;428.813477;1485.372803;11.436424;-779.517395;2178.201904;70.893845;-793.314209;2010.516602;86.309357;-838.877197;2049.887207;104.213806;-848.895630;2189.166992;33.261497;-833.520813;2026.898926;-69.793060;-848.038940;2128.583252
0.000000;-149.999985;2000.000000;2.563087;-306.347473;2121.927734;4.022627;-449.804962;2189.355469;8.366644;-691.046997;2192.236328;45.009407;-650.810181;2194.693604;191.945663;-613.320496;2147.282227;210.554169;-321.058197;2054.711426;-31.874039;-268.022736;1984.943359;-36.545090;-163.805984;1961.047119;-67.302742;-276.689453;1933.951172;-94.175026;-152.885757;1902.610107;-29.699566;-651.534058;2191.163574;-162.992676;-625.643494;2137.062500;-144.586395;-342.713531;2004.594604;112.581734;-381.205658;2027.566895;223.733856;-394.624176;2054.844727;289.327454;-374.771667;2150.959961;236.001541;-414.315002;2050.080566;101.322304;-149.925110;1997.966064;299.260254;-121.238800;1600.505371;180.024368;284.879700;1641.400269;168.736832;421.219971;1484.437012;-91.366776;-150.067505;2001.834106;-236.740280;-115.320755;1583.252441;-153.298309;304.037415;1625.940674;-192.013779;427.072083;1484.299561;10.684187;-780.749451;2178.420654;70.552353;-794.958374;2010.759521;86.334145;-840.197021;2050.438477;104.143555;-849.282776;2189.911377;33.229462;-835.443542;2027.328491;-69.920311;-850.333618;2129.033691
0.000000;-150.000015;2000.000000;2.323753;-305.915894;2121.821533;3.424491;-449.083679;2189.104980;9.473606;-689.798340;2191.369385;45.759895;-649.391968;2193.848633;192.418121;-612.309021;2146.352051;211.787552;-321.123901;2052.647461;-30.507032;-267.914246;1984.527100;-35.303490;-163.927963;1960.637939;-66.264687;-276.543762;1933.756226;-92.769371;-152.988907;1902.211548;-28.795126;-650.635010;2190.473145;-161.980820;-625.472290;2136.577148;-143.643982;-343.656952;2003.247803;112.719620;-380.943909;2030.665527;224.732727;-395.066467;2052.526123;290.756012;-372.246490;2147.382080;236.633652;-413.752472;2047.829102;101.106331;-150.323776;1997.656982;300.596222;-120.731125;1602.067871;181.806259;284.526001;1643.700195;170.255829;419.258240;1485.937744;-91.172012;-149.708069;2002.112671;-236.324173;-114.575439;1584.458618;-152.845627;304.096741;1624.845825;-190.643356;427.843689;1484.113403;12.393732;-779.262817;2177.353516;71.982491;-793.525024;2009.989136;87.065376;-839.076904;2049.379639;104.659698;-849.047058;2188.526367;34.151661;-833.461365;2026.325928;-69.022705;-847.305054;2127.724609
0.000000;-150.000000;2000.000000;2.323311;-306.114777;2122.364746;3.840129;-449.551208;2189.991699;8.629850;-690.902222;2190.601807;45.204239;-650.605957;2193.559082;192.206314;-613.747681;2145.636719;210.915070;-321.528290;2052.526123;-31.927076;-267.676392;1984.444946;-36.265022;-163.422150;1960.448975;-67.522125;-276.388916;1934.058105;-94.213242;-152.420853;1901.992188;-29.522799;-651.434753;2189.780273;-162.537781;-625.922119;2134.659668;-144.982483;-341.939880;2004.031250;111.852707;-381.303406;2030.261841;223.982559;-394.739929;2053.421875;289.275116;-374.476624;2149.717041;236.132111;-414.193054;2048.072266;101.374657;-149.587097;1998.602051;300.027588;-121.314896;1601.259888;180.183594;284.948883;1640.760132;169.211884;421.973480;1484.255371;-91.413979;-150.372330;2001.260620;-237.509247;-116.943695;1582.625488;-154.326508;302.728485;1624.535522;-191.578873;428.711761;1485.001343;11.161081;-780.502686;2175.938477;70.926559;-792.754517;2008.006836;86.084892;-838.870850;2046.952393;103.718956;-850.503662;2186.317871;33.036827;-833.015991;2023.904175;-70.390549;-848.193237;2125.372070
0.000000;-150.000000;2000.000000;2.530554;-306.245636;2121.808105;4.202214;-448.736145;2190.968750;10.250990;-689.770752;2190.884521;46.585419;-649.339844;2193.759277;193.568466;-612.786194;2146.176758;212.249802;-320.946381;2053.082520;-30.196289;-268.641266;1983.566650;-35.122116;-164.180603;1961.209106;-66.475800;-276.838348;1934.271484;-93.269608;-152.616470;1902.291260;-28.065598;-650.548950;2190.372314;-161.313370;-625.645874;2136.003906;-143.731094;-342.976105;2003.443726;113.045944;-381.402130;2028.498901;223.995636;-394.709320;2056.271973;290.321320;-373.535126;2151.485840;236.216278;-414.156677;2051.975098;101.251221;-149.557831;1998.463745;302.184479;-121.264603;1602.869873;181.651703;284.196716;1643.036743;169.271851;420.396240;1486.248535;-91.302689;-150.398712;2001.385376;-236.453247;-116.328857;1583.037964;-152.980515;302.724426;1625.291138;-190.692490;426.716309;1484.417603;13.170936;-779.208984;2175.977295;77.534241;-795.062622;2010.288696;91.083572;-840.552917;2050.426270;104.570114;-849.810181;2190.261719;38.844345;-834.616028;2025.782349;-67.477509;-846.940125;2124.354004
0.000000;-150.000015;2000.000000;2.176541;-305.454224;2122.633789;3.590547;-448.448364;2190.534668;10.506117;-689.312317;2192.011230;46.646324;-648.755371;2194.948486;193.424011;-610.749512;2148.190430;212.267822;-319.137573;2055.014160;-29.926891;-267.249023;1984.877808;-34.699749;-162.977020;1961.917480;-66.036491;-275.584106;1935.064819;-92.588715;-151.636490;1903.130615;-27.923134;-650.258362;2190.919434;-160.841858;-624.903076;2136.187988;-142.815063;-342.172546;2004.255615;113.943047;-380.129700;2028.602295;224.942200;-393.518890;2055.850586;290.123535;-374.018707;2152.120117;237.248047;-412.899658;2051.059570;101.194519;-149.628662;1998.674805;302.209564;-119.711121;1603.537964;181.421143;285.458496;1643.215576;169.291626;421.873718;1486.759033;-91.251549;-150.334869;2001.195068;-235.335663;-115.330688;1582.835327;-152.357178;303.599609;1624.697754;-190.145294;429.135376;1485.374512;13.877449;-778.777344;2177.698975;72.222168;-791.782227;2009.663940;88.006310;-837.428345;2048.737061;106.851028;-847.919556;2187.779785;34.822563;-832.124756;2026.134399;-67.460579;-847.282593;2128.388672
0.000000;-150.000015;2000.000000;2.157160;-305.466309;2122.583496;3.552160;-448.498352;2190.363770;10.371025;-689.339966;2191.552490;46.523575;-648.805420;2194.535156;193.281784;-610.839600;2147.743164;212.236557;-319.241150;2054.658691;-30.012518;-267.153046;1984.964478;-34.728966;-162.892471;1961.995483;-66.187180;-275.466339;1935.204956;-92.657852;-151.523514;1903.242432;-28.038462;-650.273682;2190.509766;-160.935394;-624.815735;2135.816406;-142.873306;-341.943176;2004.275879;113.845512;-379.968475;2028.620117;224.857758;-393.342712;2055.768555;290.321198;-373.772614;2151.815918;237.153076;-412.752533;2051.002686;101.183342;-149.641449;1998.674072;302.195343;-119.712585;1603.592041;181.480713;285.407593;1643.495361;169.467819;421.945923;1487.167969;-91.241463;-150.323349;2001.195557;-235.603226;-115.101151;1583.002075;-152.404388;303.712585;1625.104248;-190.199478;429.331909;1485.887329;13.705412;-778.779297;2177.134766;72.001503;-791.718079;2009.098755;87.559738;-837.514343;2048.075684;106.334465;-848.379822;2187.083496;34.410786;-831.909851;2025.480347;-67.945313;-846.784424;2127.680176
0.000000;-150.000000;2000.000000;2.358638;-306.641998;2122.234863;4.063151;-449.111206;2192.480713;8.925209;-690.859985;2190.287109;45.562744;-650.521362;2193.567383;192.329865;-612.702271;2144.788086;211.582031;-320.354156;2050.483398;-31.953426;-266.363586;1983.340942;-36.473076;-161.914520;1959.416992;-67.904755;-275.041504;1932.993652;-94.599449;-150.847626;1900.880859;-29.305092;-651.330444;2190.073242;-162.368378;-624.613403;2134.982666;-146.041611;-340.880524;2002.397461;111.563797;-379.608521;2026.322144;222.464417;-393.546143;2055.336426;290.795593;-370.390320;2149.082520;234.548538;-412.310547;2051.970703;101.548500;-149.324219;1998.906616;299.878906;-120.959793;1600.567017;180.199371;285.982300;1641.320190;168.702454;422.254272;1483.730225;-91.570755;-150.609390;2000.985962;-236.943039;-115.701736;1581.421265;-154.639069;304.797729;1624.230347;-191.635513;429.533325;1483.070801;11.424688;-780.436157;2174.555664;70.946320;-791.231445;2006.116455;85.786133;-838.013428;2044.555908;103.545341;-851.469360;2183.982910;32.668449;-831.418518;2021.619995;-70.918022;-846.930969;2123.229004
0.000000;-150.000000;2000.000000;2.782032;-305.983032;2122.340332;4.482900;-448.850861;2190.947754;9.031346;-690.065796;2189.512939;45.627323;-649.854858;2192.777832;192.801392;-613.229065;2145.509033;210.933701;-321.174408;2052.344238;-31.287468;-267.330963;1982.619751;-35.922291;-162.813431;1960.144409;-67.129379;-275.698486;1933.655762;-94.474823;-151.341385;1901.483887;-29.061176;-650.577698;2189.058350;-162.075562;-624.890015;2134.238770;-145.257233;-342.228149;2001.100708;111.703880;-380.536652;2026.155029;222.681580;-394.299957;2053.893799;289.560272;-371.960846;2148.544922;234.783340;-413.336700;2049.972168;101.307877;-149.742630;1998.024414;300.156525;-122.164856;1601.015137;180.640488;283.826935;1641.682251;168.099564;421.534149;1486.054688;-91.353767;-150.232086;2001.781494;-235.975174;-115.819077;1582.983032;-153.803619;303.848541;1624.423218;-191.352402;428.698944;1484.102051;11.459928;-779.490479;2174.098633;76.700172;-793.501465;2008.465942;90.049065;-839.471191;2048.182861;102.834496;-850.308472;2188.059570;37.903240;-833.244629;2023.327515;-68.984779;-846.665161;2121.276611
0.000000;-150.000015;2000.000000;3.049680;-306.723663;2121.946777;5.180154;-450.249603;2189.802734;10.446270;-691.873962;2189.418701;47.020992;-651.470215;2192.066406;194.341522;-614.102173;2144.904785;211.082809;-321.460144;2051.559082;-32.439182;-268.561859;1984.015747;-36.201653;-164.169617;1959.962891;-68.261513;-277.113190;1933.795776;-94.301979;-152.961105;1901.239258;-27.834183;-652.432617;2189.238281;-161.454041;-626.486328;2135.341553;-148.458801;-343.631989;2000.908936;108.970261;-382.043945;2025.738281;220.900955;-394.561432;2050.957764;288.198792;-374.384583;2146.052734;233.304016;-414.204285;2046.027100;101.489288;-149.218811;1998.465942;300.792725;-123.213043;1600.710571;180.177444;283.179443;1641.874268;169.509109;421.385620;1486.063965;-91.517357;-150.704468;2001.383301;-237.544846;-117.677536;1582.139526;-154.252029;302.486084;1624.075317;-191.640427;428.266785;1484.086792;12.964211;-781.517212;2174.360352;71.058273;-788.447266;2005.319336;86.255569;-836.040588;2042.551758;105.180862;-852.601501;2181.415771;32.969685;-828.996033;2020.224487;-69.696854;-846.901001;2122.263916
0.000000;-150.000000;2000.000000;3.415264;-306.978058;2121.324463;5.385579;-450.245422;2189.405518;12.076332;-691.616455;2187.670410;48.362648;-651.050171;2190.773926;196.231628;-613.954529;2145.627686;211.885925;-321.891602;2051.175293;-30.617905;-268.602814;1981.185547;-34.634892;-163.752747;1959.723633;-66.320068;-276.658844;1933.423584;-93.824989;-151.777695;1900.692993;-26.400963;-652.434753;2187.478027;-159.857422;-626.531860;2133.504639;-146.707611;-342.723877;2001.764771;110.329674;-382.109039;2026.713501;222.042786;-394.705933;2052.390869;290.565979;-373.277374;2146.199463;234.365601;-413.740784;2047.913818;101.378151;-149.901077;1997.274170;301.160736;-123.330887;1600.235107;181.474884;282.964722;1641.202759;170.777161;421.141113;1485.613037;-91.417130;-150.089218;2002.457886;-234.005219;-116.709122;1582.473511;-151.987762;303.359314;1624.001343;-190.358459;427.143921;1482.735840;15.214428;-781.076477;2172.127930;84.381714;-794.778625;2007.902832;96.814789;-840.860962;2047.869873;106.327736;-851.969360;2188.108398;45.220406;-834.589233;2021.788086;-64.026161;-848.220337;2117.261230
0.000000;-150.000000;2000.000000;3.026473;-306.206787;2121.877441;5.191024;-449.383301;2189.628662;10.132542;-690.464600;2188.684082;46.642948;-650.208618;2191.867188;194.853516;-614.332275;2147.644287;210.639755;-323.179169;2051.806641;-31.360970;-267.725250;1983.092285;-36.011513;-163.433105;1959.856934;-67.698334;-276.285767;1934.099243;-94.478012;-152.149704;1901.340454;-28.004395;-651.061035;2188.147949;-161.468521;-625.896973;2134.395996;-147.169586;-343.379364;2001.048218;109.395172;-381.856750;2028.359131;221.187988;-394.502136;2052.920898;289.455658;-374.304657;2146.981445;233.479401;-414.066620;2047.957153;101.260178;-149.133469;1998.596069;300.080841;-122.420120;1601.778809;179.688248;283.215576;1641.027466;164.873856;424.646423;1489.131836;-91.310745;-150.781387;2001.265869;-235.205399;-117.204178;1582.399780;-153.400497;302.393860;1622.892456;-191.017944;427.368103;1482.839111;12.707167;-779.868835;2173.459473;76.946533;-793.310181;2007.491333;90.032150;-839.671265;2046.786987;103.399216;-851.642212;2186.441406;37.854900;-832.756165;2022.253906;-68.614670;-845.829773;2120.589844
0.000000;-150.000000;2000.000000;2.935939;-306.704590;2121.470703;4.963886;-449.525757;2190.233887;10.587887;-690.766541;2189.918945;47.013130;-650.370789;2192.971436;194.871857;-614.063965;2147.530273;210.388931;-322.441681;2052.373535;-31.607304;-268.473602;1981.793701;-35.901985;-163.624542;1960.746460;-67.446777;-276.511444;1934.567261;-95.303696;-151.579605;1901.773315;-27.687683;-651.443970;2189.307129;-160.852356;-626.554565;2134.412109;-147.963470;-343.353607;2001.846680;109.068146;-381.947876;2026.232056;220.136124;-394.711060;2054.175293;288.517090;-374.445435;2148.244873;232.539948;-414.085663;2049.965820;101.331734;-149.314713;1998.434937;300.365692;-122.747665;1601.357544;180.414078;283.159760;1642.403564;166.702850;425.482208;1491.033813;-91.375298;-150.617950;2001.411377;-237.652237;-117.452072;1583.000366;-154.293411;302.047699;1624.591064;-191.392227;428.057526;1485.141113;13.405251;-780.266968;2174.916504;76.605637;-799.658203;2009.000366;90.547897;-844.272339;2050.054688;105.109566;-850.446533;2190.067627;38.072437;-838.957397;2025.660645;-67.571838;-849.300049;2125.356934
0.000000;-150.000000;2000.000000;3.320441;-306.348938;2121.495117;5.336688;-449.764740;2188.520020;9.800249;-690.708374;2190.073242;46.382793;-650.518555;2192.651367;193.773773;-614.981934;2145.831055;211.230896;-323.495361;2051.901611;-31.143154;-268.450500;1984.767822;-36.396179;-164.400726;1960.876831;-68.358238;-277.037048;1934.847046;-94.208473;-153.310577;1902.298218;-28.239235;-651.259827;2189.315186;-161.299973;-625.953247;2134.871094;-146.945435;-343.498291;2001.833862;109.509727;-382.352051;2028.138062;220.557266;-394.364441;2055.871582;288.627258;-374.536133;2150.065918;233.039673;-414.504791;2051.245605;101.185539;-149.673462;1997.654907;299.135254;-121.001053;1600.835449;179.201126;284.126953;1643.813599;165.484894;423.480225;1490.075439;-91.243454;-150.294434;2002.114868;-235.986389;-115.740967;1583.901611;-153.775070;303.454956;1625.018311;-191.704803;427.395081;1484.287842;12.122846;-780.218506;2175.781006;70.864525;-793.808105;2007.913208;86.569984;-839.315552;2047.188354;105.097069;-849.309082;2186.323730;33.432568;-834.104370;2024.441895;-69.092918;-848.923950;2126.521973
0.000000;-150.000000;2000.000000;1.920588;-305.873291;2122.177734;3.205911;-449.679565;2188.429199;7.621433;-690.658203;2189.658691;44.202652;-650.473206;2192.473633;191.777969;-614.198486;2146.740723;209.522156;-322.750793;2052.610840;-33.407852;-267.606323;1987.465942;-38.632668;-163.976196;1961.750610;-71.093246;-276.531982;1935.916138;-95.631607;-153.386703;1903.322998;-30.412252;-651.196533;2188.770996;-163.487869;-625.503052;2134.492188;-149.037567;-342.280090;2003.009155;107.575272;-381.466034;2027.570190;219.130066;-394.215637;2052.898438;286.902191;-372.657928;2146.947266;231.378616;-413.646088;2048.434082;101.220345;-149.583603;1998.940063;298.357086;-121.381302;1601.616211;177.214767;283.563568;1643.477783;163.587433;425.177094;1491.773193;-91.274834;-150.375458;2000.955811;-238.726791;-116.559067;1583.566528;-156.480316;302.644989;1625.125122;-193.694199;429.582367;1486.861938;9.998974;-780.160034;2175.247559;75.184875;-793.440186;2009.724609;87.488205;-840.123779;2048.845215;99.766968;-852.958984;2188.457275;35.582043;-832.511841;2024.008911;-71.641472;-844.917969;2121.509033
0.000000;-150.000000;2000.000000;2.111169;-306.108978;2122.207764;3.800846;-448.751160;2191.300293;9.467433;-689.957397;2190.979004;45.864395;-649.561401;2194.224854;193.094391;-612.634155;2147.342285;209.364563;-320.944122;2052.657227;-32.881218;-267.659637;1982.546143;-37.195446;-162.957138;1960.858398;-69.123024;-275.712830;1934.654175;-96.200668;-151.058929;1901.819824;-28.805981;-650.646790;2190.175293;-160.756836;-625.276550;2132.685059;-149.349365;-341.764252;2000.753296;107.448959;-381.047302;2026.090576;218.542908;-393.817505;2053.860840;288.529297;-373.689484;2146.751465;230.884003;-413.267395;2049.601807;101.326279;-149.075684;1999.430298;298.556244;-122.541046;1601.520874;178.163574;283.214661;1642.163208;164.364655;425.348022;1490.663452;-91.370361;-150.833496;2000.513794;-238.893036;-116.708496;1582.683228;-155.282623;302.726135;1623.807861;-192.751129;429.549011;1485.232910;12.377287;-779.442749;2175.980469;75.177094;-794.129883;2009.456665;89.631165;-839.631165;2049.330566;104.709328;-849.184204;2189.079102;37.038837;-834.156250;2025.244507;-68.166504;-847.892700;2124.965332
0.000000;-150.000000;2000.000000;2.902646;-305.498535;2122.680420;5.019047;-448.141327;2191.432861;10.535601;-689.127808;2189.611328;46.942093;-648.808838;2192.888672;194.322433;-612.041626;2146.842773;210.589188;-321.017792;2051.007813;-31.463608;-265.983826;1982.448486;-36.578171;-161.482376;1960.441284;-68.441147;-274.201538;1934.496216;-95.346375;-149.754410;1901.573608;-27.684189;-649.827026;2189.270508;-160.121887;-624.035339;2133.444336;-148.224335;-341.218201;2000.731812;108.376343;-379.749817;2026.802979;220.113495;-391.369476;2051.944824;287.642395;-372.572388;2146.778564;232.606476;-412.015961;2046.330933;101.229355;-149.106796;1998.737061;300.485779;-121.525681;1602.357422;179.380585;283.761810;1641.538574;163.809250;427.929108;1492.407715;-91.282959;-150.805450;2001.138794;-235.740891;-114.895752;1582.811157;-154.484299;304.578094;1624.226685;-191.833313;430.706512;1485.223877;13.302566;-778.441528;2174.065430;76.172295;-792.456055;2007.682129;90.508224;-838.119019;2047.325928;105.433350;-848.320557;2186.917725;37.993053;-832.459106;2023.240112;-67.227829;-846.474365;2122.714844
0.000000;-149.999985;2000.000000;2.182423;-305.706726;2122.409668;3.877368;-448.138458;2191.585938;10.893354;-689.072876;2190.204346;47.026241;-648.526855;2193.643066;194.363525;-612.115845;2147.214355;211.131866;-321.054077;2051.646484;-31.146103;-266.945648;1983.210205;-35.587852;-162.479507;1960.925171;-67.510239;-275.153961;1934.895752;-94.251099;-150.785553;1902.052124;-27.562992;-650.012451;2189.556152;-159.666718;-624.839478;2132.691406;-147.093109;-341.704834;2000.769165;109.441467;-380.568909;2026.823975;221.036469;-393.274292;2052.036865;289.151917;-372.278137;2145.975586;233.296478;-412.789429;2047.388062;101.228317;-149.141617;1999.287109;300.669342;-122.141357;1602.993164;180.109222;283.364563;1641.279541;166.425079;425.127563;1489.697876;-91.282028;-150.774017;2000.642822;-236.380188;-115.752823;1582.492798;-153.974640;303.408325;1624.505371;-190.517853;428.962708;1484.787842;14.310032;-778.387207;2174.827148;77.229156;-792.120483;2008.451904;90.995178;-838.174988;2047.837524;105.621574;-849.375183;2187.374756;38.582218;-831.778198;2023.722778;-66.912628;-845.192627;2122.976074
0.000000;-150.000015;2000.000000;3.357568;-305.654968;2122.410156;5.874918;-448.381012;2190.907715;10.870953;-689.330750;2188.721191;47.361206;-649.102417;2192.011230;194.643417;-612.497253;2145.625977;211.216476;-321.660706;2049.458984;-30.934654;-266.370331;1981.638306;-36.101631;-162.016739;1959.046387;-68.097244;-274.671631;1933.088989;-94.550880;-150.471176;1900.230957;-27.257660;-649.954956;2188.487305;-159.435135;-624.040771;2132.174805;-147.647995;-341.295044;1999.437866;108.696342;-380.168640;2026.993286;220.490387;-392.669922;2051.348633;288.709656;-371.430603;2145.139160;232.734436;-412.261261;2046.543335;101.207245;-148.838242;1998.701294;300.806793;-120.363037;1602.650879;179.674423;284.890808;1641.229370;166.353775;426.236877;1489.260986;-91.263031;-151.047638;2001.171021;-235.282257;-114.340942;1582.849243;-153.323608;304.982117;1623.570313;-191.282852;429.585205;1483.411133;13.425994;-778.610168;2173.041992;77.115303;-791.754517;2006.935303;90.080261;-838.294495;2046.008911;103.764015;-850.823792;2185.511719;37.896336;-831.046875;2021.656372;-68.311859;-843.960083;2120.186768
0.000000;-150.000000;2000.000000;3.265401;-306.053894;2122.487549;5.825028;-448.260162;2192.708496;11.190792;-689.647217;2191.563477;47.692440;-649.276855;2194.615234;195.047150;-612.884888;2147.314209;210.953262;-321.751587;2050.158203;-31.562059;-266.407288;1981.906860;-35.793823;-161.805634;1959.347778;-67.547417;-274.817963;1933.640259;-94.771385;-150.211685;1900.707153;-27.067022;-650.258667;2191.227539;-159.545181;-624.257446;2134.973633;-147.587692;-342.297516;1999.275024;109.458740;-380.449188;2025.764526;220.769989;-393.323730;2052.959961;290.343872;-372.612366;2146.141357;233.069595;-412.696533;2048.693359;101.392418;-148.678131;1998.981079;299.741028;-121.577209;1601.302124;180.437012;284.994324;1640.217407;166.838120;426.873047;1488.252441;-91.430000;-151.191986;2000.918701;-236.297775;-116.311203;1581.877808;-153.776291;303.695618;1622.641724;-191.073730;429.398438;1482.812256;13.856539;-779.152710;2176.241699;77.449837;-799.224121;2010.442749;91.112625;-843.817749;2051.668945;105.291153;-849.704651;2191.817383;38.692039;-838.349304;2027.109375;-67.316368;-848.023376;2126.611816
0.000000;-149.999985;2000.000000;2.605474;-306.501373;2121.837646;4.526825;-449.035828;2191.305664;10.271955;-690.338745;2189.331055;46.700325;-649.933105;2192.507324;193.907211;-612.942139;2145.365723;210.582336;-320.906128;2051.381104;-31.986622;-268.037903;1981.655518;-36.198906;-163.384293;1959.484497;-68.222557;-276.170044;1933.284424;-94.990761;-151.571320;1900.532104;-28.037075;-651.021240;2189.144043;-160.789337;-626.199646;2133.114014;-147.907837;-343.242706;1999.805786;109.181129;-381.281097;2025.279907;221.014221;-393.997528;2050.169434;288.714142;-374.205353;2144.875000;233.363647;-413.216370;2045.112549;101.367378;-149.171219;1998.896851;300.112762;-122.859146;1601.507568;179.146805;283.086060;1640.481079;165.166931;424.769287;1488.451172;-91.407410;-150.747330;2000.994751;-237.672440;-117.082169;1582.476929;-154.512604;302.692810;1623.017456;-191.704483;429.017944;1483.798096;13.072690;-779.760864;2173.706055;76.417503;-794.293213;2007.290649;90.208710;-840.177063;2047.003296;104.612137;-850.620728;2186.821777;37.756561;-833.992004;2022.722534;-68.049957;-847.078735;2121.987549
0.000000;-150.000000;2000.000000;2.215519;-306.518311;2122.032959;4.019797;-449.662903;2190.476563;11.207123;-691.077881;2187.870117;47.411797;-650.438965;2191.229980;195.699844;-613.571533;2147.130371;211.258392;-321.694977;2051.816895;-31.518970;-267.976135;1982.851929;-35.381962;-163.297974;1960.399658;-67.398094;-276.184937;1934.268799;-94.204300;-151.559799;1901.506348;-27.359379;-651.962769;2187.710449;-161.188339;-626.249268;2134.465332;-147.193695;-342.185028;2003.162109;110.060822;-381.600922;2026.520142;221.477798;-393.723022;2053.803711;289.357330;-373.615021;2148.409668;233.985992;-413.221283;2049.127686;101.435974;-148.970825;1999.478394;300.682251;-123.843887;1601.939697;180.103058;282.353973;1642.461182;164.896561;424.579254;1490.870361;-91.469276;-150.928070;2000.470337;-236.847321;-117.154617;1581.346069;-153.762054;302.677399;1624.332764;-191.061234;429.617767;1485.531250;14.572720;-780.497681;2172.002686;83.985107;-794.338013;2007.839478;96.085922;-840.565308;2047.767456;105.277817;-851.950317;2188.043945;44.562363;-833.958496;2021.593262;-64.966736;-847.123291;2116.868652
0.000000;-149.999985;2000.000000;3.050879;-306.351135;2121.906738;5.084723;-448.229370;2192.577148;10.215931;-689.455322;2189.982422;46.727989;-649.165710;2193.336914;194.025391;-611.976440;2146.826904;211.211197;-320.640198;2051.131104;-31.380161;-266.402954;1982.885986;-36.304413;-161.986481;1959.938965;-68.544067;-274.663147;1933.728149;-94.569016;-150.447678;1901.046753;-27.978691;-650.053467;2189.821777;-160.523102;-623.886475;2134.046387;-148.065140;-341.098022;2000.598755;108.771179;-379.740051;2026.761963;220.442352;-392.495789;2052.165527;287.590973;-371.013885;2146.843506;232.711090;-412.036957;2047.591309;101.322617;-149.475540;1998.136841;299.283325;-120.920822;1600.686035;180.003098;285.338074;1639.953491;166.051895;426.380859;1487.426514;-91.367065;-150.472916;2001.680054;-237.260818;-114.757324;1583.368530;-154.171432;304.893982;1623.730347;-191.929779;430.672302;1484.261230;12.819092;-778.811768;2174.134521;76.552963;-793.014160;2007.906982;90.742599;-838.661926;2047.716797;105.022629;-848.684204;2187.528809;38.287552;-833.061035;2023.349609;-67.501770;-847.029236;2122.437500
0.000000;-150.000015;2000.000000;3.163015;-307.002197;2121.597168;5.172793;-450.212585;2190.134277;10.392021;-691.845703;2189.229248;46.955818;-651.454895;2192.241699;194.596924;-614.856262;2145.460205;211.312592;-322.288971;2051.837646;-31.145620;-269.113281;1980.741089;-36.062866;-164.258301;1959.002563;-68.133011;-277.151001;1932.608521;-94.999268;-152.308578;1899.917480;-27.879366;-652.394043;2188.856201;-160.869919;-626.777344;2133.257324;-147.889053;-343.385895;1999.931274;109.424736;-382.445099;2025.049438;220.389572;-394.639526;2054.380371;288.827179;-374.749268;2148.725098;232.909409;-414.742188;2050.029785;101.485222;-149.579025;1997.903687;299.642090;-124.548584;1599.494507;179.889084;282.185669;1639.961182;166.498260;424.545959;1488.141846;-91.513680;-150.379639;2001.890381;-236.078033;-117.422409;1582.116333;-154.155975;303.064941;1623.674683;-191.869766;428.216919;1483.200806;13.003197;-781.457825;2173.981689;76.557571;-795.600586;2007.364990;90.862915;-841.328735;2047.201172;105.416344;-851.403503;2187.214844;38.276230;-835.737183;2022.887695;-67.506332;-849.811462;2122.319336
0.000000;-150.000015;2000.000000;2.994752;-306.620667;2121.808838;4.675888;-449.561432;2190.594238;9.346304;-690.991211;2189.180176;45.970608;-650.724609;2192.252441;193.455856;-613.848511;2145.672852;210.798187;-321.650177;2051.898438;-32.021217;-268.859863;1982.593140;-36.127670;-164.308670;1959.716797;-68.389008;-277.049255;1933.386597;-94.594528;-152.698273;1900.772949;-28.802830;-651.487427;2188.913574;-161.993225;-626.060547;2134.049072;-147.517685;-342.674103;2001.515259;109.452034;-382.509033;2026.548340;220.970932;-394.742218;2053.244629;288.879242;-374.740906;2147.817871;233.417496;-414.575867;2048.421143;101.387398;-150.018646;1997.483398;299.071808;-123.193741;1599.393921;180.346649;283.342712;1640.929077;166.291229;423.963440;1487.805664;-91.425468;-149.983231;2002.269287;-236.183456;-117.527008;1582.937622;-154.411331;302.668518;1623.825317;-191.416229;426.593384;1482.308960;11.744277;-780.498108;2173.756348;77.142860;-794.044983;2007.974609;89.558357;-840.698608;2047.282593;101.838104;-853.205688;2187.193115;37.546135;-833.244690;2022.362793;-69.888283;-845.683899;2120.038086
0.000000;-150.000000;2000.000000;2.966859;-306.481567;2121.815430;4.647355;-449.305847;2190.647461;9.989457;-690.593628;2189.438965;46.479954;-650.244019;2192.496826;194.007889;-612.696411;2146.889160;210.500534;-320.582123;2053.238525;-31.888470;-269.187317;1981.920044;-36.256588;-164.556839;1959.732910;-68.035889;-277.259857;1932.952637;-94.611336;-152.708588;1900.727173;-28.249165;-651.217896;2189.117676;-161.535767;-626.270630;2134.475342;-147.419998;-343.014832;2002.018921;109.454544;-382.585663;2026.990479;220.749374;-394.832520;2054.341309;288.963715;-374.947052;2148.639404;233.218597;-414.630188;2049.707031;101.334602;-149.992432;1997.541748;300.217773;-123.296204;1600.307617;180.277466;282.748657;1640.818481;166.237549;423.565430;1488.025635;-91.377869;-150.006836;2002.216675;-236.139633;-117.977127;1583.105713;-153.853088;301.987000;1622.906982;-191.382477;426.664795;1482.332031;12.644695;-780.058533;2174.100098;76.843246;-793.954468;2007.981201;90.110329;-840.168091;2047.477417;103.640747;-851.577942;2187.290283;37.845688;-833.494629;2022.939941;-68.598495;-846.519653;2121.502930
0.000000;-150.000000;2000.000000;3.527966;-306.355042;2121.337891;5.924357;-449.496094;2188.770508;10.667927;-690.323853;2190.812500;47.184429;-650.103638;2193.343750;194.589401;-613.914429;2147.312256;210.271454;-323.074585;2051.527832;-31.391842;-267.961548;1982.356445;-36.262589;-163.629639;1959.868042;-67.670258;-276.352539;1933.783325;-94.705429;-152.062347;1901.335327;-27.400314;-650.939209;2189.938721;-159.877350;-625.936768;2134.121582;-147.342102;-343.572083;2001.034546;109.052757;-381.897888;2027.554321;220.231491;-394.471680;2054.283691;289.323242;-373.463654;2147.406494;232.500656;-414.160095;2049.916016;101.146866;-149.216415;1998.068848;301.139313;-121.450928;1602.431885;179.781036;283.290649;1643.130981;165.302109;424.790833;1491.563965;-91.208588;-150.706589;2001.741455;-236.159729;-117.217499;1583.722778;-153.927094;301.935059;1623.219971;-191.487808;426.927429;1483.439697;13.108566;-779.820007;2176.709229;71.206940;-793.892273;2008.741455;86.374008;-839.667297;2047.873291;105.104019;-850.177917;2186.879883;33.280048;-833.681213;2025.282227;-69.137047;-847.271790;2127.550049
0.000000;-150.000000;2000.000000;3.041474;-306.259369;2121.305176;5.194723;-447.590942;2192.274902;10.799080;-688.267944;2189.637695;47.156422;-647.994263;2192.893066;193.800156;-611.127197;2145.281982;210.896042;-319.791595;2051.788086;-30.900953;-265.791534;1982.708862;-35.883499;-161.525925;1960.203857;-67.517937;-274.035797;1933.764771;-93.985687;-149.902908;1901.478882;-27.390921;-649.031860;2189.584717;-159.626617;-623.651123;2133.566406;-147.138184;-340.494232;2002.559082;109.143082;-379.338562;2028.059448;220.810181;-391.810699;2052.437500;289.191620;-370.918121;2146.031250;233.056183;-411.417267;2047.586670;101.100395;-149.242783;1998.440552;302.181366;-119.123062;1603.790283;180.344040;285.487732;1641.957886;165.936722;427.112976;1490.650635;-91.166664;-150.682816;2001.406250;-235.855835;-113.507217;1583.855713;-152.922821;305.268677;1623.439697;-190.954102;429.950439;1483.646484;13.536182;-777.417542;2173.804932;77.276459;-791.038635;2007.958862;90.313698;-837.349304;2047.176392;103.937531;-849.298828;2186.585938;38.181381;-830.322632;2022.794556;-67.937012;-843.088074;2121.214111
0.000000;-150.000000;2000.000000;3.395864;-306.158936;2122.845215;5.766586;-449.293396;2191.727051;11.135935;-691.050415;2190.197510;47.694118;-650.623535;2193.324951;195.405151;-613.635010;2146.779785;210.742416;-321.693054;2050.462402;-32.025494;-267.637939;1980.591064;-36.003014;-162.697815;1958.786133;-67.403687;-275.880951;1932.535645;-95.190491;-150.791977;1900.001343;-27.179993;-651.599915;2189.916992;-160.252823;-625.890625;2134.350098;-148.146866;-341.737946;2002.169189;109.316650;-381.448303;2026.174561;221.091949;-394.060730;2052.323730;289.038452;-372.550171;2146.747559;233.461166;-413.552490;2048.002930;101.544266;-149.147430;1998.276611;301.011261;-122.744598;1600.341309;180.078735;283.730286;1642.296509;165.693344;425.094055;1489.485718;-91.566925;-150.768814;2001.553833;-236.718842;-115.800476;1581.890747;-153.969772;304.748291;1623.591431;-191.230606;428.419128;1481.552246;13.806729;-780.669495;2174.710449;70.988205;-792.371094;2005.512085;86.791138;-838.699890;2044.121948;106.677933;-850.826111;2183.391602;33.289360;-832.757507;2021.903198;-68.686676;-848.307800;2125.134521
